3.481000000000000587e-03 1.342862470000000030e+00 4.078399879999999866e-01
3.650999999999999732e-03 1.719837840000000062e+00 3.889597519999999919e-01
3.820000000000001346e-03 1.797389410000000076e+00 3.519907970000000219e-01
3.990000000000001358e-03 1.600990759999999957e+00 3.086066929999999875e-01
4.160000000000000503e-03 2.477792009999999934e+00 3.047945089999999913e-01
4.330000000000001383e-03 1.803936549999999972e+00 2.923265549999999879e-01
4.498999999999999527e-03 1.957089859999999737e+00 2.615150949999999752e-01
4.668999999999997805e-03 2.111537960000000158e+00 2.695967080000000182e-01
4.839000000000002154e-03 1.712094970000000105e+00 2.532464779999999971e-01
5.009000000000003033e-03 2.127867590000000142e+00 2.453880820000000074e-01
5.178999999999999576e-03 1.399357739999999906e+00 2.117644579999999888e-01
5.347999999999998588e-03 1.463382860000000063e+00 1.942440000000000000e-01
5.518000000000000335e-03 1.206467490000000087e+00 1.829646759999999928e-01
5.688000000000000347e-03 1.262647059999999932e+00 1.791033300000000050e-01
5.943000000000002968e-03 1.492809379999999964e+00 8.006699230000000056e-02
6.282000000000002859e-03 1.313084850000000081e+00 6.938652489999999617e-02
6.622000000000002017e-03 1.102784079999999944e+00 5.882121349999999693e-02
6.961000000000001041e-03 1.161139600000000049e+00 5.651638610000000312e-02
7.301000000000002800e-03 1.003546730000000053e+00 5.061349889999999796e-02
7.641000000000000222e-03 1.037420290000000023e+00 5.011114220000000008e-02
7.979999999999995777e-03 9.135888730000000235e-01 4.683659929999999666e-02
8.320000000000001006e-03 8.873841860000000192e-01 4.362600459999999708e-02
8.659000000000000030e-03 8.505170600000000469e-01 4.163882430000000190e-02
8.999000000000003524e-03 8.442909280000000516e-01 3.989775150000000187e-02
9.339000000000000079e-03 7.305859630000000049e-01 3.812603669999999750e-02
9.677999999999995634e-03 6.778318989999999600e-01 3.531244509999999920e-02
1.001800000000000260e-02 6.119008289999999795e-01 3.258213769999999954e-02
1.035700000000000162e-02 5.953303620000000018e-01 3.144019289999999689e-02
1.069699999999999818e-02 5.825581829999999517e-01 3.135463260000000141e-02
1.103600000000000241e-02 5.467589550000000465e-01 2.911168000000000089e-02
1.137600000000000243e-02 5.553823390000000026e-01 2.793973979999999843e-02
1.171599999999999898e-02 4.986958160000000140e-01 2.665743370000000015e-02
1.205500000000000148e-02 4.895578000000000429e-01 2.555846150000000080e-02
1.239499999999999803e-02 4.453210690000000138e-01 2.474014620000000025e-02
1.273399999999999879e-02 4.321256010000000258e-01 2.364296750000000058e-02
1.307400000000000055e-02 3.970526019999999767e-01 2.197811850000000108e-02
1.341399999999999884e-02 3.692585099999999843e-01 2.168171169999999828e-02
1.375299999999999613e-02 3.734881990000000207e-01 2.080262110000000164e-02
1.409299999999999962e-02 3.598267119999999930e-01 2.028426059999999947e-02
1.443199999999999691e-02 3.394510150000000226e-01 1.948516839999999903e-02
1.477199999999999694e-02 3.222084069999999745e-01 1.889434460000000149e-02
1.511100000000000290e-02 2.940926830000000214e-01 1.801964359999999946e-02
1.545099999999999772e-02 3.240087280000000236e-01 1.871890090000000173e-02
1.579099999999999948e-02 2.980174950000000211e-01 1.719683769999999848e-02
1.613000000000000198e-02 2.896011159999999918e-01 1.692575409999999905e-02
1.646999999999999853e-02 2.822615089999999660e-01 1.676632310000000098e-02
1.680900000000000102e-02 2.674465030000000021e-01 1.609524819999999870e-02
1.714900000000000105e-02 2.629634770000000010e-01 1.542049220000000012e-02
1.748800000000000354e-02 2.571649770000000168e-01 1.530809839999999929e-02
1.782800000000000357e-02 2.307817749999999668e-01 1.445241069999999954e-02
1.816800000000000359e-02 2.126527729999999894e-01 1.372737150000000010e-02
1.850700000000000262e-02 1.845160369999999939e-01 1.239638700000000003e-02
1.884699999999999570e-02 1.840443079999999898e-01 1.230051490000000011e-02
1.918599999999999819e-02 1.920399540000000127e-01 1.260762059999999928e-02
1.952599999999999822e-02 1.772336389999999984e-01 1.216827189999999947e-02
1.986600000000000518e-02 1.768360109999999596e-01 1.178628510000000011e-02
2.020500000000000421e-02 1.867385350000000110e-01 1.195515060000000053e-02
2.054500000000000076e-02 1.703124829999999867e-01 1.131352019999999972e-02
2.088400000000000326e-02 1.294475529999999930e-01 9.958102499999999663e-03
2.122400000000000328e-02 1.381229399999999996e-01 1.021616160000000072e-02
2.156300000000000230e-02 1.327135819999999966e-01 9.968271109999999463e-03
2.190299999999999539e-02 1.408303180000000099e-01 1.013606709999999994e-02
2.224299999999999888e-02 1.369539049999999591e-01 9.917690539999999416e-03
2.258199999999999791e-02 1.280167379999999633e-01 9.824152149999999459e-03
2.292200000000000487e-02 1.270267220000000086e-01 9.213928580000000854e-03
2.326099999999999696e-02 1.132644080000000109e-01 8.919420210000000848e-03
2.360099999999999698e-02 1.124693910000000019e-01 8.756632539999999881e-03
2.394100000000000394e-02 1.060576230000000175e-01 8.566019269999999158e-03
2.436699999999999630e-02 1.110732999999999998e-01 3.743788999999999971e-03
2.519300000000000012e-02 1.038955499999999893e-01 3.683600090000000056e-03
2.601900000000000740e-02 9.136140579999997569e-02 3.327812769999999830e-03
2.684500000000000081e-02 7.753422329999999640e-02 3.090651389999999991e-03
2.767099999999999421e-02 7.204289549999999542e-02 2.901436509999999989e-03
2.849700000000000150e-02 6.657437160000001519e-02 2.747005849999999919e-03
2.932299999999999143e-02 6.623875240000001718e-02 2.652233529999999985e-03
3.014899999999999178e-02 5.580580429999998371e-02 2.409180679999999800e-03
3.097499999999999559e-02 5.006113779999999541e-02 2.325033489999999998e-03
3.180100000000000982e-02 4.519908589999999809e-02 2.220086119999999975e-03
3.262700000000000322e-02 4.865401270000001277e-02 2.143272549999999856e-03
3.345299999999998969e-02 4.397043170000000667e-02 2.104243699999999804e-03
3.427899999999999697e-02 3.848188420000000359e-02 1.915177269999999900e-03
3.510500000000000426e-02 4.084327799999998981e-02 2.000588409999999855e-03
3.593100000000000460e-02 3.326316570000000666e-02 1.757310530000000042e-03
3.675799999999999901e-02 3.254803639999999387e-02 1.727555279999999941e-03
3.758399999999999935e-02 3.298758959999999879e-02 1.681381719999999963e-03
3.840999999999999970e-02 2.769203360000000586e-02 1.568322669999999957e-03
3.923600000000000004e-02 2.331428779999999978e-02 1.453187270000000104e-03
4.006200000000000039e-02 2.745354319999999265e-02 1.493205500000000007e-03
4.088799999999999379e-02 2.403010709999999633e-02 1.435581200000000078e-03
4.171400000000000108e-02 2.344719800000000243e-02 1.406192500000000073e-03
4.254000000000000142e-02 2.062821559999999943e-02 1.362954599999999976e-03
4.336599999999999483e-02 2.201377150000000116e-02 1.346329149999999893e-03
4.419200000000000905e-02 1.720642449999999768e-02 1.190395199999999976e-03
4.501800000000000246e-02 1.945047709999999860e-02 1.269204450000000059e-03
4.584399999999999586e-02 1.535827049999999826e-02 1.131742580000000102e-03
4.666999999999999621e-02 1.759465689999999485e-02 1.211459000000000017e-03
4.749599999999998962e-02 1.386731510000000119e-02 1.042943570000000059e-03
4.832199999999999690e-02 1.276158459999999877e-02 9.881317639999999316e-04
4.914800000000000418e-02 1.434634119999999950e-02 1.058771409999999897e-03
4.997400000000000453e-02 1.265415990000000324e-02 9.691981520000000428e-04
5.080000000000000487e-02 1.375796629999999701e-02 1.062562740000000047e-03
5.162599999999998440e-02 1.223539409999999800e-02 9.698469649999999498e-04
5.245200000000000556e-02 9.957862820000005014e-03 8.907809789999999702e-04
5.327799999999999897e-02 1.106918840000000077e-02 9.321845510000000392e-04
5.410399999999998544e-02 1.067932480000000073e-02 8.911055999999999882e-04
5.492999999999999966e-02 8.193558100000003161e-03 8.282881239999999876e-04
5.575599999999999307e-02 8.954351240000001794e-03 8.481530590000000173e-04
5.658199999999999341e-02 7.660638489999998038e-03 7.978622989999999832e-04
5.740800000000000070e-02 8.415628430000002269e-03 8.184707490000000044e-04
5.823400000000000798e-02 7.300782220000000440e-03 7.519278100000000150e-04
5.906000000000000139e-02 5.991518799999999770e-03 7.680042729999999674e-04
5.988600000000000173e-02 6.361451219999997991e-03 7.168287200000000251e-04
6.071200000000001595e-02 6.965234789999998413e-03 7.278477329999999976e-04
6.153800000000000242e-02 6.618811839999997997e-03 7.078413729999999881e-04
6.236400000000000277e-02 5.879264830000002252e-03 6.769882289999999561e-04
6.318999999999999617e-02 5.456108719999998302e-03 6.993879839999999617e-04
6.401600000000000346e-02 5.371336709999999758e-03 6.889416110000000414e-04
6.484199999999998298e-02 5.270170490000000880e-03 6.402594810000000400e-04
6.566799999999999027e-02 5.742395000000002567e-03 6.209705000000000476e-04
6.649399999999998367e-02 3.450677850000001025e-03 6.103048519999999463e-04
6.732000000000000484e-02 4.119847659999998496e-03 6.109214090000000472e-04
6.814599999999998436e-02 4.381303349999999056e-03 5.952362550000000292e-04
6.897200000000001940e-02 4.275265940000000896e-03 6.155195889999999503e-04
6.979800000000001281e-02 3.867256260000001469e-03 6.107356139999999857e-04
7.062400000000002009e-02 5.384762960000000903e-03 6.237032570000000317e-04
7.144999999999998574e-02 4.419943119999999483e-03 5.889424559999999805e-04
7.227600000000002078e-02 3.349480330000000148e-03 6.011715510000000288e-04
7.310200000000001419e-02 3.596690489999999386e-03 5.671717200000000450e-04
7.392799999999997984e-02 4.475272780000000977e-03 5.684777859999999615e-04
7.475400000000000100e-02 4.030143000000000787e-03 5.441090879999999508e-04
7.557999999999998053e-02 2.572920690000000954e-03 5.508182610000000520e-04
7.640599999999998782e-02 3.350631479999999131e-03 5.433905859999999758e-04
7.723199999999998122e-02 2.479925660000000844e-03 5.645580810000000536e-04
7.805800000000001626e-02 3.655151249999999147e-03 5.303496729999999677e-04
7.888399999999999579e-02 2.876591500000000561e-03 5.252598309999999661e-04
7.971000000000001695e-02 3.032995410000000232e-03 5.054029590000000275e-04
8.053599999999998260e-02 1.805504909999999276e-03 4.681687149999999966e-04
8.136200000000001764e-02 2.046512669999999388e-03 5.025008799999999701e-04
8.218799999999998329e-02 2.544903579999999686e-03 4.667100079999999770e-04
8.301399999999999058e-02 1.605585340000000678e-03 4.786741500000000018e-04
8.384000000000001174e-02 2.352887200000000623e-03 4.841761050000000215e-04
8.466599999999999127e-02 2.368210790000000680e-03 4.768469529999999948e-04
8.549199999999999855e-02 1.532961529999999403e-03 4.838212540000000166e-04
8.631800000000001971e-02 1.584238269999999754e-03 4.730903360000000249e-04
8.714399999999999924e-02 2.215366859999999462e-03 5.027473919999999544e-04
8.797000000000002040e-02 5.979233979999999150e-04 4.704373229999999923e-04
8.879599999999999993e-02 2.381412629999999069e-03 5.013725609999999640e-04
8.962200000000000721e-02 2.217168669999999321e-03 4.884121169999999920e-04
9.044799999999998674e-02 2.321024289999998932e-03 5.034199499999999572e-04
9.127399999999999403e-02 2.916195130000000680e-03 5.026216809999999599e-04
9.210000000000000131e-02 1.443708569999999818e-03 4.683863829999999851e-04
9.292599999999999472e-02 1.356754059999999706e-03 4.645531229999999784e-04
9.375199999999998812e-02 1.985731270000000350e-03 4.834400729999999992e-04
9.457800000000000928e-02 1.813864219999999222e-03 4.896217700000000473e-04
9.540399999999998881e-02 1.067654269999999484e-03 4.678650480000000052e-04
9.622999999999999610e-02 1.136014429999999660e-03 4.472307419999999750e-04
9.705600000000001726e-02 1.577167609999999276e-03 4.356520840000000123e-04
9.788200000000001066e-02 1.331930280000000015e-03 4.640760049999999868e-04
9.870800000000003183e-02 1.667326469999999864e-03 4.412503400000000156e-04
9.953399999999999748e-02 8.656452870000002188e-04 4.446885029999999911e-04
1.003600000000000186e-01 9.981909580000000032e-04 4.641367989999999814e-04
1.011859999999999982e-01 1.831489380000000163e-03 4.698560890000000193e-04
1.020120000000000055e-01 1.638907619999999902e-03 4.513087660000000118e-04
1.028379999999999989e-01 2.126110620000001058e-03 4.555647179999999948e-04
1.036640000000000200e-01 1.162695859999999864e-03 4.241102680000000168e-04
1.044900000000000134e-01 7.175632699999997350e-04 4.185178249999999879e-04
1.053160000000000068e-01 2.137918449999999006e-03 4.695270609999999925e-04
1.061420000000000002e-01 1.192085540000000074e-03 4.393273590000000193e-04
1.069679999999999936e-01 1.646387480000000708e-03 4.438082150000000254e-04
1.077940000000000148e-01 1.311194149999999952e-03 4.175815900000000129e-04
1.086199999999999943e-01 1.523711929999999612e-03 4.406820499999999832e-04
1.094469999999999887e-01 8.604266570000004832e-04 4.206505229999999763e-04
1.110990000000000033e-01 7.763220670000004625e-04 4.288736759999999806e-04
1.119249999999999828e-01 7.597190749999997630e-04 4.446675689999999930e-04
1.127510000000000179e-01 2.394998029999998866e-04 4.374402260000000045e-04
1.135770000000000113e-01 1.856668570000000228e-03 4.230071069999999898e-04
1.144029999999999908e-01 1.153149579999999865e-03 4.290023330000000213e-04
1.152289999999999842e-01 1.468029929999999355e-03 4.354525330000000023e-04
1.160549999999999915e-01 8.877271329999998411e-04 4.049069029999999856e-04
1.168810000000000127e-01 7.426013249999996371e-04 4.123397549999999754e-04
1.177070000000000061e-01 1.381083060000000157e-03 3.921339090000000214e-04
1.185330000000000134e-01 7.756870060000000322e-04 4.155010689999999733e-04
1.193590000000000068e-01 1.091242509999999777e-03 3.969251449999999749e-04
1.201850000000000002e-01 9.454183840000002616e-04 3.689463210000000059e-04
1.210109999999999797e-01 1.067222079999999729e-03 3.766372159999999830e-04
1.218369999999999870e-01 1.208421220000000093e-03 3.786231390000000105e-04
1.226630000000000081e-01 9.440543290000003637e-04 4.006911440000000238e-04
1.234890000000000154e-01 7.337245069999999772e-04 3.711537329999999870e-04
1.243150000000000088e-01 1.109172309999999911e-03 3.834521890000000045e-04
1.251410000000000022e-01 1.072894479999999835e-03 3.808827380000000089e-04
1.259669999999999956e-01 8.841219570000001613e-04 3.746825530000000011e-04
1.267929999999999890e-01 3.032367940000001020e-04 3.853141219999999911e-04
1.276190000000000102e-01 1.118300680000000559e-03 3.735507310000000061e-04
1.284450000000000036e-01 5.395670219999998234e-04 3.545604429999999851e-04
1.292709999999999970e-01 6.332554879999998873e-04 3.478848860000000021e-04
1.300969999999999904e-01 6.835562010000000499e-04 3.688329879999999910e-04
1.309229999999999838e-01 8.746171840000002999e-04 3.633587510000000210e-04
1.317489999999999772e-01 7.582233449999997406e-04 3.695638339999999730e-04
1.325749999999999984e-01 4.255891900000000885e-04 3.481016299999999965e-04
1.334009999999999918e-01 8.710643009999996175e-04 3.545102479999999770e-04
1.342270000000000130e-01 8.631838539999998460e-04 3.373446720000000264e-04
1.350530000000000064e-01 4.514179289999998299e-04 3.653192620000000001e-04
1.358789999999999998e-01 1.425257860000000119e-04 3.409850619999999985e-04
1.367049999999999932e-01 9.312499190000003268e-04 3.495632280000000110e-04
1.375309999999999866e-01 9.665136079999999633e-04 3.461299520000000237e-04
1.383569999999999800e-01 8.986767769999998764e-04 3.598190659999999990e-04
1.391830000000000012e-01 1.208161140000000005e-03 3.489452350000000103e-04
1.400089999999999946e-01 1.175956659999999668e-03 3.374054449999999965e-04
1.408350000000000157e-01 4.961753630000000255e-04 3.507745949999999937e-04
1.416610000000000091e-01 8.298544169999995130e-04 3.236022200000000250e-04
1.424870000000000025e-01 6.626566560000002716e-04 3.356439330000000106e-04
1.433129999999999959e-01 8.566867560000002895e-04 3.421793290000000047e-04
1.441389999999999894e-01 6.583109189999997472e-04 3.275868220000000127e-04
1.449649999999999828e-01 3.472457130000000647e-04 3.123581280000000239e-04
1.457910000000000039e-01 8.679643910000002125e-04 3.342767660000000251e-04
1.466169999999999973e-01 8.936007249999995249e-04 3.183208600000000076e-04
1.474429999999999907e-01 1.269903239999999815e-04 3.251321369999999981e-04
1.482690000000000119e-01 7.559286439999995987e-05 3.228639190000000161e-04
1.490950000000000053e-01 4.023527619999998548e-04 3.371075349999999864e-04
1.499210000000000265e-01 7.120177799999995226e-05 3.250514479999999738e-04
1.507469999999999921e-01 8.648085670000002327e-04 3.083512629999999818e-04
1.515730000000000133e-01 3.998065839999999978e-04 3.269323119999999932e-04
1.523990000000000344e-01 9.836683869999997970e-04 3.208333810000000186e-04
1.532249999999999723e-01 4.286274010000000793e-04 3.322880200000000021e-04
1.540509999999999935e-01 5.102690199999999638e-04 3.059970629999999832e-04
1.548769999999999869e-01 7.290654429999998427e-04 3.115151969999999733e-04
1.557029999999999803e-01 2.505175599999999989e-04 3.244128459999999774e-04
1.565290000000000015e-01 4.765973239999997803e-04 3.205191380000000029e-04
1.573549999999999949e-01 6.059969440000001614e-04 3.154433429999999798e-04
1.581809999999999883e-01 5.112449049999998529e-04 3.082534520000000146e-04
1.590070000000000094e-01 7.091323880000000891e-04 2.958013350000000125e-04
1.598330000000000028e-01 6.598725789999996790e-04 2.881426739999999836e-04
1.606589999999999963e-01 5.235653089999998825e-04 3.069527280000000028e-04
1.623110000000000386e-01 3.387604020000000902e-04 2.971232879999999819e-04
1.631369999999999765e-01 3.752355660000000369e-04 3.176512740000000013e-04
1.639629999999999976e-01 8.681219869999999778e-04 2.939195909999999857e-04
1.656150000000000122e-01 8.600580950000000788e-04 2.819335400000000098e-04
1.664410000000000334e-01 1.521132660000000200e-04 3.234833380000000109e-04
1.672669999999999990e-01 3.456752300000000971e-04 3.047328650000000086e-04
1.680930000000000202e-01 6.678340180000002428e-05 2.803915359999999786e-04
1.689190000000000136e-01 2.536730039999998709e-04 2.903005680000000162e-04
1.697450000000000347e-01 9.592054819999996755e-04 2.909942250000000083e-04
1.705710000000000004e-01 7.312468900000003045e-04 3.041397999999999845e-04
1.713969999999999938e-01 5.398654249999999778e-04 2.989481929999999858e-04
1.722230000000000150e-01 8.259901120000000653e-05 2.939051539999999936e-04
1.730490000000000084e-01 2.178857419999999541e-04 2.746267140000000027e-04
1.738749999999999740e-01 1.646570409999999370e-04 2.872583769999999910e-04
