5.518000000000000335e-03 4.319806290000000049e-01 1.420950410000000053e-01
5.688000000000000347e-03 1.618028199999999861e-01 1.133939510000000067e-01
5.858000000000001227e-03 1.107919339999999947e-01 1.270267650000000137e-01
6.027999999999998637e-03 1.674317080000000124e-01 1.107856720000000017e-01
6.197000000000001119e-03 7.760973109999999564e-02 1.000286120000000029e-01
6.367000000000001998e-03 1.664804630000000230e-01 1.005719880000000011e-01
6.536999999999999408e-03 3.069105050000000556e-01 8.620374029999999799e-02
6.707000000000002023e-03 2.416239940000000086e-01 8.889963959999999665e-02
6.877000000000001168e-03 2.572435040000000117e-01 9.175041059999999860e-02
7.045999999999998445e-03 1.824044250000000367e-01 8.473269560000000478e-02
7.216000000000001059e-03 1.359991530000000393e-01 8.587568800000000557e-02
7.386000000000001071e-03 1.287000580000000061e-01 7.527325649999999646e-02
7.556000000000001084e-03 1.805085859999999709e-01 6.833128680000000177e-02
7.641000000000000222e-03 1.368398130000000323e-01 2.759121640000000014e-02
7.979999999999995777e-03 1.383177290000000281e-01 2.586854499999999973e-02
8.320000000000001006e-03 1.533911380000000102e-01 2.352585860000000126e-02
8.659000000000000030e-03 1.417601270000000413e-01 2.246385409999999971e-02
8.999000000000003524e-03 1.982104919999999881e-01 2.184304479999999923e-02
9.339000000000000079e-03 1.352315970000000367e-01 2.199535869999999851e-02
9.677999999999995634e-03 1.317543170000000097e-01 1.930736430000000101e-02
1.001800000000000260e-02 1.264851730000000063e-01 1.786438569999999892e-02
1.035700000000000162e-02 1.291230200000000050e-01 1.746361069999999988e-02
1.069699999999999818e-02 1.089036669999999818e-01 1.706920129999999966e-02
1.103600000000000241e-02 1.123818310000000154e-01 1.546432210000000043e-02
1.137600000000000243e-02 1.367915199999999998e-01 1.477023780000000057e-02
1.171599999999999898e-02 1.031317139999999855e-01 1.406893159999999914e-02
1.205500000000000148e-02 1.492592490000000383e-01 1.467186350000000000e-02
1.239499999999999803e-02 1.255991509999999922e-01 1.459770649999999996e-02
1.273399999999999879e-02 1.075261510000000004e-01 1.300364499999999944e-02
1.307400000000000055e-02 1.192375460000000137e-01 1.271618780000000060e-02
1.341399999999999884e-02 9.361940359999999794e-02 1.217637279999999982e-02
1.375299999999999613e-02 1.072822390000000015e-01 1.183955010000000037e-02
1.409299999999999962e-02 1.079222789999999960e-01 1.150031209999999998e-02
1.443199999999999691e-02 9.918850079999998182e-02 1.144605580000000039e-02
1.477199999999999694e-02 8.752428360000001628e-02 1.044906460000000030e-02
1.511100000000000290e-02 7.677534700000000767e-02 1.020484150000000069e-02
1.545099999999999772e-02 7.495704810000002050e-02 9.934010880000000016e-03
1.579099999999999948e-02 8.892561069999999068e-02 9.635700960000000148e-03
1.613000000000000198e-02 7.574817509999999532e-02 9.324768210000000668e-03
1.646999999999999853e-02 8.487729919999999206e-02 9.784121380000000007e-03
1.680900000000000102e-02 7.993993790000000765e-02 9.177151240000000487e-03
1.714900000000000105e-02 8.449634979999998130e-02 8.958481969999999503e-03
1.748800000000000354e-02 7.513892480000000651e-02 8.593634799999999574e-03
1.782800000000000357e-02 6.193093660000000694e-02 7.926656929999999560e-03
1.816800000000000359e-02 5.943090450000001329e-02 7.712859550000000265e-03
1.850700000000000262e-02 7.499654679999998019e-02 7.842602029999999613e-03
1.884699999999999570e-02 6.480595170000000294e-02 7.482513849999999737e-03
1.918599999999999819e-02 8.155825340000001644e-02 8.288278140000000793e-03
1.952599999999999822e-02 5.107214200000000787e-02 6.938578160000000161e-03
1.986600000000000518e-02 7.129529909999998694e-02 7.594471079999999888e-03
2.020500000000000421e-02 6.255099230000001065e-02 6.873587819999999772e-03
2.054500000000000076e-02 4.984204639999999242e-02 6.280369769999999581e-03
2.088400000000000326e-02 5.710009150000000533e-02 6.771098159999999928e-03
2.122400000000000328e-02 4.706221039999999162e-02 6.081237429999999770e-03
2.156300000000000230e-02 3.898837220000000992e-02 5.816390720000000000e-03
2.190299999999999539e-02 4.912419089999999627e-02 6.176857810000000240e-03
2.224299999999999888e-02 4.279382699999999262e-02 5.766292289999999827e-03
2.258199999999999791e-02 4.193315320000000346e-02 6.067492619999999975e-03
2.292200000000000487e-02 5.391734390000001154e-02 5.995970720000000365e-03
2.326099999999999696e-02 4.949120440000000926e-02 6.105097769999999827e-03
2.360099999999999698e-02 4.212144050000000278e-02 5.516120109999999785e-03
2.394100000000000394e-02 4.343011250000000656e-02 5.742246060000000089e-03
2.427999999999999950e-02 4.051843560000000649e-02 5.272775159999999739e-03
2.461999999999999605e-02 4.232806089999999882e-02 5.484300870000000105e-03
2.495899999999999508e-02 4.936685799999999957e-02 5.951621189999999929e-03
2.529899999999999857e-02 3.149698909999999741e-02 4.898294440000000062e-03
2.563799999999999760e-02 3.159149929999999218e-02 4.559517360000000206e-03
2.597800000000000456e-02 4.285946889999999593e-02 5.572524249999999575e-03
2.684500000000000081e-02 3.348999589999999971e-02 2.190882429999999916e-03
2.767099999999999421e-02 3.200725480000000955e-02 2.073879209999999855e-03
2.849700000000000150e-02 2.811575580000000296e-02 1.937411229999999943e-03
2.932299999999999143e-02 2.759923439999999520e-02 1.803881320000000040e-03
3.014899999999999178e-02 2.273969439999999620e-02 1.670086849999999953e-03
3.097499999999999559e-02 2.656768289999999685e-02 1.780676259999999962e-03
3.180100000000000982e-02 2.172776090000000382e-02 1.667694090000000021e-03
3.262700000000000322e-02 2.210743490000000380e-02 1.538286879999999990e-03
3.345299999999998969e-02 1.952336659999999793e-02 1.485978889999999908e-03
3.427899999999999697e-02 1.851723909999999917e-02 1.444045230000000086e-03
3.510500000000000426e-02 1.591492729999999592e-02 1.382607419999999946e-03
3.593100000000000460e-02 1.565222440000000464e-02 1.323786740000000052e-03
3.675799999999999901e-02 1.461939969999999887e-02 1.240679520000000048e-03
3.758399999999999935e-02 1.505633609999999963e-02 1.221890759999999998e-03
3.840999999999999970e-02 1.452238479999999783e-02 1.210952749999999987e-03
3.923600000000000004e-02 1.134293809999999819e-02 1.105946040000000069e-03
4.006200000000000039e-02 1.358904340000000044e-02 1.130878340000000034e-03
4.088799999999999379e-02 1.271214789999999990e-02 1.114242510000000011e-03
4.171400000000000108e-02 1.069443970000000070e-02 1.055386300000000057e-03
4.254000000000000142e-02 9.823907039999999619e-03 1.062409509999999967e-03
4.336599999999999483e-02 8.327796749999996292e-03 9.571981610000000404e-04
4.419200000000000905e-02 6.899252999999999289e-03 8.683123450000000210e-04
4.501800000000000246e-02 8.960254490000004943e-03 9.631987190000000166e-04
4.584399999999999586e-02 7.992270810000002071e-03 9.048023200000000375e-04
4.666999999999999621e-02 7.449551790000000749e-03 9.229097400000000478e-04
4.749599999999998962e-02 6.821586469999999999e-03 8.190032769999999827e-04
4.832199999999999690e-02 6.787563139999999370e-03 7.920082090000000021e-04
4.914800000000000418e-02 6.678991650000002181e-03 8.071097099999999551e-04
4.997400000000000453e-02 5.363375729999998037e-03 7.330532269999999635e-04
5.080000000000000487e-02 4.326061190000000944e-03 7.680027960000000145e-04
5.162599999999998440e-02 4.878634739999997659e-03 7.389631130000000152e-04
5.245200000000000556e-02 5.217444609999999199e-03 7.237609510000000447e-04
5.327799999999999897e-02 4.931507259999999733e-03 7.281084069999999887e-04
5.410399999999998544e-02 5.360511809999998593e-03 7.194967350000000149e-04
5.492999999999999966e-02 5.138938229999998226e-03 7.250312870000000503e-04
5.575599999999999307e-02 4.579756440000002510e-03 7.066892319999999771e-04
5.658199999999999341e-02 3.013330319999999850e-03 6.320761730000000380e-04
5.740800000000000070e-02 3.116547929999998346e-03 6.345140620000000540e-04
5.823400000000000798e-02 3.245719819999998233e-03 6.061965919999999465e-04
5.906000000000000139e-02 3.067645779999999840e-03 6.689648490000000506e-04
5.988600000000000173e-02 3.701564680000001255e-03 6.191900330000000164e-04
6.071200000000001595e-02 3.214836259999999824e-03 5.950349750000000432e-04
6.153800000000000242e-02 3.888628380000000960e-03 6.138779950000000131e-04
6.236400000000000277e-02 3.682591380000000466e-03 5.968041410000000197e-04
6.318999999999999617e-02 2.726319320000001375e-03 6.025537270000000519e-04
6.401600000000000346e-02 1.234658600000000011e-03 5.391102159999999841e-04
6.484199999999998298e-02 3.425495500000000793e-03 5.717325789999999977e-04
6.566799999999999027e-02 4.255210430000000606e-03 5.661117760000000448e-04
6.649399999999998367e-02 2.208374439999999904e-03 5.634735660000000056e-04
6.732000000000000484e-02 2.990432849999999105e-03 5.648698780000000310e-04
6.814599999999998436e-02 2.393835610000000572e-03 5.231372829999999695e-04
6.897200000000001940e-02 1.726964109999999664e-03 5.234702939999999645e-04
6.979800000000001281e-02 1.294560209999999966e-03 5.144154700000000196e-04
7.062400000000002009e-02 2.809251239999998630e-03 5.343182900000000230e-04
7.144999999999998574e-02 2.098154660000000910e-03 5.023507829999999475e-04
7.227600000000002078e-02 1.024370630000000226e-03 5.182508950000000491e-04
7.310200000000001419e-02 2.126193090000000254e-03 5.130956330000000518e-04
7.392799999999997984e-02 2.092557439999999640e-03 4.827711460000000160e-04
7.475400000000000100e-02 2.428921880000000939e-03 4.848193780000000018e-04
7.557999999999998053e-02 8.750849629999995528e-04 4.880243669999999854e-04
7.640599999999998782e-02 2.319078610000000623e-03 5.059189020000000314e-04
7.723199999999998122e-02 8.484176500000000778e-04 5.040598299999999969e-04
7.805800000000001626e-02 2.257157859999999253e-03 4.796013039999999961e-04
7.888399999999999579e-02 1.516903129999999699e-03 4.740440899999999826e-04
7.971000000000001695e-02 1.247855510000000102e-03 4.393748050000000072e-04
8.053599999999998260e-02 1.665595880000000570e-03 4.604613869999999798e-04
8.136200000000001764e-02 1.173467049999999453e-03 4.697459250000000268e-04
8.218799999999998329e-02 2.397592899999999045e-03 4.615019819999999912e-04
8.301399999999999058e-02 1.553296120000000839e-03 4.755675050000000240e-04
8.384000000000001174e-02 1.471388909999999306e-03 4.489096040000000202e-04
8.466599999999999127e-02 1.872308989999999342e-03 4.553646219999999941e-04
8.549199999999999855e-02 6.079635620000000242e-04 4.477843750000000270e-04
8.631800000000001971e-02 1.865993110000000680e-03 4.823167749999999880e-04
8.714399999999999924e-02 9.595442810000003953e-04 4.556968550000000079e-04
8.797000000000002040e-02 1.128391840000000619e-03 4.884302759999999653e-04
8.879599999999999993e-02 3.555124300000000646e-04 4.207105990000000210e-04
8.962200000000000721e-02 1.480425029999999937e-03 4.604945729999999730e-04
9.044799999999998674e-02 1.378525830000000172e-03 4.665107939999999756e-04
9.127399999999999403e-02 8.614487970000000777e-04 4.222321989999999964e-04
9.210000000000000131e-02 6.795442740000001225e-04 4.371355469999999911e-04
9.292599999999999472e-02 1.024878200000000185e-03 4.502663989999999795e-04
9.375199999999998812e-02 1.171447469999999796e-03 4.516742250000000216e-04
9.457800000000000928e-02 1.803334250000000706e-03 4.864505279999999836e-04
9.540399999999998881e-02 8.243813759999996972e-04 4.567997319999999770e-04
9.622999999999999610e-02 8.015821920000000024e-04 4.334974999999999809e-04
9.705600000000001726e-02 1.591624489999999377e-03 4.357667800000000020e-04
9.788200000000001066e-02 9.113845399999995775e-04 4.451480889999999977e-04
9.870800000000003183e-02 1.605968750000000625e-03 4.371577240000000097e-04
9.953399999999999748e-02 1.280834440000000419e-03 4.597191909999999763e-04
1.003600000000000186e-01 6.871449970000003456e-04 4.511668550000000224e-04
1.011859999999999982e-01 8.963715180000001803e-04 4.326246409999999834e-04
1.020120000000000055e-01 1.513967520000000268e-03 4.458521320000000143e-04
1.028379999999999989e-01 1.570923870000000538e-03 4.322872079999999853e-04
1.036640000000000200e-01 1.080931139999999910e-03 4.191659810000000264e-04
1.044900000000000134e-01 6.774788479999996685e-04 4.149665749999999903e-04
1.053160000000000068e-01 9.248747499999999391e-04 4.233921120000000145e-04
1.061420000000000002e-01 8.784779290000004201e-04 4.254628959999999841e-04
1.069679999999999936e-01 1.429105580000000243e-03 4.348566719999999832e-04
1.077940000000000148e-01 1.240827000000000119e-03 4.125319129999999819e-04
1.086199999999999943e-01 1.317553629999999604e-03 4.326111149999999832e-04
1.094469999999999887e-01 5.498765140000002553e-04 4.075970559999999871e-04
1.102729999999999821e-01 3.736474350000000598e-04 4.224203569999999941e-04
1.110990000000000033e-01 5.756388920000001831e-04 4.195796640000000054e-04
1.119249999999999828e-01 1.173313480000000080e-03 4.581460880000000151e-04
1.127510000000000179e-01 4.429299480000001700e-04 4.436056630000000263e-04
1.135770000000000113e-01 1.608719659999999305e-03 4.131836630000000252e-04
1.144029999999999908e-01 9.718238370000001477e-04 4.197174419999999753e-04
1.152289999999999842e-01 5.751143720000001904e-04 4.009846309999999807e-04
1.160549999999999915e-01 8.253435909999998904e-04 4.007679429999999794e-04
1.168810000000000127e-01 4.384142229999999567e-04 4.003076670000000194e-04
1.177070000000000061e-01 7.841679799999997725e-04 3.698839570000000206e-04
1.185330000000000134e-01 1.146140129999999759e-05 3.855638670000000132e-04
1.193590000000000068e-01 5.767134189999999173e-04 3.765844429999999762e-04
1.201850000000000002e-01 9.150119209999997604e-04 3.681211849999999736e-04
1.210109999999999797e-01 3.373702610000000723e-04 3.479739809999999938e-04
1.218369999999999870e-01 1.295654330000000016e-03 3.804542140000000258e-04
1.226630000000000081e-01 3.973440440000001453e-04 3.796929779999999913e-04
1.234890000000000154e-01 8.265763810000001941e-04 3.741600930000000169e-04
1.243150000000000088e-01 5.260747640000001642e-04 3.612091100000000251e-04
1.251410000000000022e-01 5.860405809999996501e-04 3.629586729999999977e-04
1.259669999999999956e-01 5.483952569999996475e-04 3.617619909999999920e-04
1.276190000000000102e-01 7.833061950000003030e-04 3.606931319999999983e-04
1.284450000000000036e-01 7.327047840000000490e-04 3.617984299999999973e-04
1.292709999999999970e-01 6.760015909999997743e-04 3.471968580000000149e-04
1.300969999999999904e-01 5.004104369999997325e-04 3.621083980000000188e-04
1.309229999999999838e-01 5.569081699999999186e-04 3.512200410000000141e-04
1.317489999999999772e-01 5.472161010000002471e-04 3.621722519999999836e-04
1.325749999999999984e-01 9.332905140000003624e-04 3.637873179999999949e-04
1.334009999999999918e-01 4.049625780000001602e-04 3.370214030000000271e-04
1.342270000000000130e-01 7.907256210000001640e-04 3.342594659999999804e-04
1.350530000000000064e-01 6.388401410000004420e-05 3.520155779999999774e-04
1.358789999999999998e-01 3.295859210000000295e-04 3.466680219999999750e-04
1.367049999999999932e-01 5.816797439999999396e-04 3.362758560000000236e-04
1.375309999999999866e-01 8.789264370000000231e-04 3.416985480000000130e-04
1.383569999999999800e-01 6.714789909999999270e-04 3.518133329999999985e-04
1.391830000000000012e-01 6.003823300000001983e-04 3.285199339999999983e-04
1.400089999999999946e-01 6.915837759999999982e-04 3.191224699999999906e-04
1.408350000000000157e-01 2.379188659999999494e-04 3.414053749999999940e-04
1.416610000000000091e-01 6.969705390000000044e-04 3.186171960000000187e-04
1.424870000000000025e-01 8.664168869999999863e-04 3.410537440000000245e-04
1.433129999999999959e-01 3.910383089999998145e-04 3.269013169999999730e-04
1.441389999999999894e-01 3.027486639999998224e-04 3.143844110000000016e-04
1.449649999999999828e-01 3.077696540000000435e-04 3.101832789999999776e-04
1.457910000000000039e-01 6.450801469999998703e-04 3.264810210000000179e-04
1.466169999999999973e-01 6.497454909999999563e-04 3.089334669999999820e-04
1.474429999999999907e-01 2.899455789999999663e-04 3.295731420000000259e-04
1.482690000000000119e-01 2.648482350000000191e-04 3.281830619999999811e-04
1.490950000000000053e-01 4.809642860000001700e-04 3.382671299999999740e-04
1.499210000000000265e-01 3.400133419999998925e-04 3.326614779999999792e-04
1.507469999999999921e-01 9.202384539999996843e-04 3.094554199999999863e-04
1.523990000000000344e-01 8.062611120000000514e-04 3.134101169999999894e-04
1.540509999999999935e-01 4.496924599999998595e-04 3.030361839999999867e-04
1.548769999999999869e-01 9.468158739999999168e-04 3.178992809999999750e-04
1.557029999999999803e-01 2.124505990000001142e-04 3.231121370000000141e-04
1.565290000000000015e-01 5.415552219999998597e-04 3.209351659999999900e-04
1.573549999999999949e-01 4.484173069999998029e-04 3.094750069999999999e-04
1.581809999999999883e-01 3.817351689999998838e-04 3.035373539999999858e-04
1.590070000000000094e-01 8.098550440000003162e-04 2.981909799999999766e-04
1.598330000000000028e-01 7.236494309999997243e-04 2.894950800000000248e-04
1.606589999999999963e-01 6.173884230000000091e-04 3.086470810000000028e-04
1.614850000000000174e-01 2.687299779999998816e-04 3.160326620000000102e-04
1.623110000000000386e-01 7.682442920000003093e-04 3.093254000000000251e-04
1.631369999999999765e-01 4.216817070000000787e-04 3.188233259999999781e-04
1.639629999999999976e-01 1.205184980000000407e-03 3.029155660000000245e-04
1.647889999999999633e-01 1.935733740000000487e-04 3.075252369999999821e-04
1.656150000000000122e-01 5.906462749999996696e-04 2.720722879999999807e-04
1.664410000000000334e-01 6.610158900000006173e-06 3.187674119999999995e-04
1.672669999999999990e-01 4.748178809999999399e-04 3.078592460000000009e-04
1.680930000000000202e-01 2.692011359999998900e-04 2.859851359999999922e-04
1.689190000000000136e-01 3.025577960000000823e-04 2.911154079999999896e-04
1.697450000000000347e-01 7.821339169999997655e-04 2.843425969999999821e-04
1.705710000000000004e-01 2.077349140000000073e-04 2.873868790000000005e-04
1.713969999999999938e-01 3.180315060000000701e-04 2.917802390000000224e-04
1.722230000000000150e-01 5.537570150000002559e-04 3.069332089999999885e-04
1.730490000000000084e-01 7.159766329999996430e-04 2.892982560000000145e-04
1.738749999999999740e-01 2.104494919999999082e-04 2.879036740000000152e-04
1.747009999999999952e-01 5.297241689999997302e-04 2.837019690000000039e-04
1.755269999999999886e-01 1.997739840000000659e-04 3.055847920000000001e-04
1.771790000000000032e-01 7.241843829999996662e-04 2.809246559999999766e-04
