3.481000000000000587e-03 7.840967290000000478e-01 3.967233740000000175e-01
3.650999999999999732e-03 4.891423320000000130e-01 3.485957140000000010e-01
3.820000000000001346e-03 6.933156209999999930e-01 2.826421089999999747e-01
3.990000000000001358e-03 2.566477670000000266e-01 2.704522200000000209e-01
4.160000000000000503e-03 7.132776790000000533e-01 2.347299250000000059e-01
4.330000000000001383e-03 6.307142980000000065e-01 2.354297539999999911e-01
4.498999999999999527e-03 7.334236549999999522e-01 2.263393860000000035e-01
4.668999999999997805e-03 4.711461769999999993e-01 2.042932389999999876e-01
4.839000000000002154e-03 6.447310510000000550e-01 1.815400899999999873e-01
5.009000000000003033e-03 7.455659470000000066e-01 1.877987670000000053e-01
5.178999999999999576e-03 5.685552369999999911e-01 1.433911350000000029e-01
5.347999999999998588e-03 8.218210430000000288e-01 1.643265260000000005e-01
5.518000000000000335e-03 5.488267409999999513e-01 1.484303389999999945e-01
5.943000000000002968e-03 5.883196750000000419e-01 6.306690049999999492e-02
6.282000000000002859e-03 5.577465579999999479e-01 5.400052520000000328e-02
6.622000000000002017e-03 4.914661169999999801e-01 4.441642540000000083e-02
6.961000000000001041e-03 4.089273110000000155e-01 3.923868519999999804e-02
7.301000000000002800e-03 3.829047689999999782e-01 3.665436560000000232e-02
7.641000000000000222e-03 4.468263319999999927e-01 3.559223529999999691e-02
7.979999999999995777e-03 4.230114919999999890e-01 3.450638439999999946e-02
8.320000000000001006e-03 3.965849169999999813e-01 3.185515170000000063e-02
8.659000000000000030e-03 4.014649739999999745e-01 3.069666680000000120e-02
8.999000000000003524e-03 3.843290549999999750e-01 2.887115410000000090e-02
9.339000000000000079e-03 3.496569310000000042e-01 2.719363090000000149e-02
9.677999999999995634e-03 3.143443559999999914e-01 2.507415179999999966e-02
1.001800000000000260e-02 3.466482009999999891e-01 2.456708490000000106e-02
1.035700000000000162e-02 2.967363479999999831e-01 2.316716430000000104e-02
1.069699999999999818e-02 2.936060560000000041e-01 2.199921200000000063e-02
1.103600000000000241e-02 2.849808800000000475e-01 2.189617450000000062e-02
1.137600000000000243e-02 2.689946209999999893e-01 2.092701229999999885e-02
1.171599999999999898e-02 2.339279810000000071e-01 1.912989030000000062e-02
1.205500000000000148e-02 2.282833129999999877e-01 1.824390780000000045e-02
1.239499999999999803e-02 2.334040830000000122e-01 1.782913610000000024e-02
1.273399999999999879e-02 1.975036950000000346e-01 1.724894290000000135e-02
1.307400000000000055e-02 2.079673720000000114e-01 1.694622800000000068e-02
1.341399999999999884e-02 1.942918339999999966e-01 1.596561720000000059e-02
1.375299999999999613e-02 2.066062130000000108e-01 1.566215940000000029e-02
1.409299999999999962e-02 1.960599310000000206e-01 1.520751149999999968e-02
1.443199999999999691e-02 1.742657639999999897e-01 1.441196049999999944e-02
1.477199999999999694e-02 1.958822689999999977e-01 1.451353189999999953e-02
1.511100000000000290e-02 1.407857479999999883e-01 1.301238300000000063e-02
1.545099999999999772e-02 1.571018359999999947e-01 1.328985700000000041e-02
1.579099999999999948e-02 1.513088650000000146e-01 1.287679859999999940e-02
1.613000000000000198e-02 1.514354689999999892e-01 1.271972329999999929e-02
1.646999999999999853e-02 1.608285020000000121e-01 1.274542390000000039e-02
1.680900000000000102e-02 1.387640119999999921e-01 1.190870649999999954e-02
1.714900000000000105e-02 1.420487099999999947e-01 1.158056220000000004e-02
1.748800000000000354e-02 1.307828540000000039e-01 1.087941140000000043e-02
1.782800000000000357e-02 1.227341929999999914e-01 1.096885229999999996e-02
1.816800000000000359e-02 1.196058160000000037e-01 1.047078970000000012e-02
1.850700000000000262e-02 1.177120150000000032e-01 1.035718799999999981e-02
1.884699999999999570e-02 1.073947400000000024e-01 9.757724080000000286e-03
1.918599999999999819e-02 8.370123390000000496e-02 8.726238350000000213e-03
1.952599999999999822e-02 1.035007889999999958e-01 9.196681919999999746e-03
1.986600000000000518e-02 7.788548110000000080e-02 8.309914950000000383e-03
2.020500000000000421e-02 1.098968240000000041e-01 9.481679680000000554e-03
2.054500000000000076e-02 8.927930200000001870e-02 8.719008710000000079e-03
2.088400000000000326e-02 9.686135309999999166e-02 8.610019199999999207e-03
2.122400000000000328e-02 8.068592430000001703e-02 7.883740179999999473e-03
2.156300000000000230e-02 8.991913210000000711e-02 8.007754400000000744e-03
2.190299999999999539e-02 8.339323179999998115e-02 7.853371530000000100e-03
2.224299999999999888e-02 7.713151220000001584e-02 7.499213339999999742e-03
2.258199999999999791e-02 6.977150679999999383e-02 7.314786549999999742e-03
2.292200000000000487e-02 5.797341310000000969e-02 6.766454019999999792e-03
2.326099999999999696e-02 7.964684290000001443e-02 7.569505140000000118e-03
2.360099999999999698e-02 7.157005319999999726e-02 7.027288750000000063e-03
2.436699999999999630e-02 5.927461840000001342e-02 2.872734870000000044e-03
2.519300000000000012e-02 5.712907679999999766e-02 2.735879110000000083e-03
2.601900000000000740e-02 5.378298620000000752e-02 2.646510449999999858e-03
2.684500000000000081e-02 4.973603049999999332e-02 2.558697689999999813e-03
2.767099999999999421e-02 4.454103969999998608e-02 2.403569029999999811e-03
2.849700000000000150e-02 4.319214860000000072e-02 2.256137479999999890e-03
2.932299999999999143e-02 4.216869609999999297e-02 2.145803249999999815e-03
3.014899999999999178e-02 3.629279719999999737e-02 1.973532190000000172e-03
3.097499999999999559e-02 3.142292189999999763e-02 1.958100129999999859e-03
3.180100000000000982e-02 2.929476049999999235e-02 1.769689679999999956e-03
3.262700000000000322e-02 2.889875470000000807e-02 1.722350770000000055e-03
3.345299999999998969e-02 2.668975210000000542e-02 1.704353220000000019e-03
3.427899999999999697e-02 2.459302960000000343e-02 1.549046749999999925e-03
3.510500000000000426e-02 2.182088249999999952e-02 1.532660230000000090e-03
3.593100000000000460e-02 2.227106649999999882e-02 1.450831720000000024e-03
3.675799999999999901e-02 1.979294189999999606e-02 1.431686850000000013e-03
3.758399999999999935e-02 2.236422879999999669e-02 1.449258570000000034e-03
3.840999999999999970e-02 1.948019390000000489e-02 1.354677689999999940e-03
3.923600000000000004e-02 1.689984429999999774e-02 1.295926429999999996e-03
4.006200000000000039e-02 1.896365519999999513e-02 1.315163220000000041e-03
4.088799999999999379e-02 1.633571270000000464e-02 1.242248469999999907e-03
4.171400000000000108e-02 1.595564219999999825e-02 1.248328919999999948e-03
4.254000000000000142e-02 1.801731850000000412e-02 1.201415699999999970e-03
4.336599999999999483e-02 1.322297019999999976e-02 1.092103810000000100e-03
4.419200000000000905e-02 1.259416170000000196e-02 1.061473760000000060e-03
4.501800000000000246e-02 1.160216669999999776e-02 1.041866669999999941e-03
4.584399999999999586e-02 1.142054309999999961e-02 9.943863139999999275e-04
4.666999999999999621e-02 1.277494020000000119e-02 1.040950809999999921e-03
4.749599999999998962e-02 1.136518369999999813e-02 9.853779209999999605e-04
4.832199999999999690e-02 8.713263109999999298e-03 9.247352610000000297e-04
4.914800000000000418e-02 1.089061870000000015e-02 9.288618489999999782e-04
4.997400000000000453e-02 8.794482729999998985e-03 9.044056129999999884e-04
5.080000000000000487e-02 8.253257010000000782e-03 8.699074120000000387e-04
5.162599999999998440e-02 8.172129440000001910e-03 8.600619900000000193e-04
5.245200000000000556e-02 9.102766050000000650e-03 8.531078010000000275e-04
5.327799999999999897e-02 8.413903749999999959e-03 8.348592169999999703e-04
5.410399999999998544e-02 6.612770140000001629e-03 7.561631129999999996e-04
5.492999999999999966e-02 5.853113819999998524e-03 7.530872049999999887e-04
5.575599999999999307e-02 7.622885109999998944e-03 7.586046489999999712e-04
5.658199999999999341e-02 4.842512120000000593e-03 7.099221540000000188e-04
5.740800000000000070e-02 6.501576749999997233e-03 6.910142970000000004e-04
5.823400000000000798e-02 6.547216409999998162e-03 7.355335430000000188e-04
5.906000000000000139e-02 4.649568059999998650e-03 7.020205710000000264e-04
5.988600000000000173e-02 6.086157079999997971e-03 6.959396909999999688e-04
6.071200000000001595e-02 4.981019299999998526e-03 6.743703640000000459e-04
6.153800000000000242e-02 5.655120700000000264e-03 6.596922760000000071e-04
6.236400000000000277e-02 4.308364099999999891e-03 6.504337400000000362e-04
6.318999999999999617e-02 4.846862850000000465e-03 6.580458570000000508e-04
6.401600000000000346e-02 4.354543729999998600e-03 6.297637980000000447e-04
6.484199999999998298e-02 4.832171960000002792e-03 6.181935319999999970e-04
6.566799999999999027e-02 4.605288789999999362e-03 6.098177939999999912e-04
6.649399999999998367e-02 5.013237820000002176e-03 5.995596179999999669e-04
6.732000000000000484e-02 4.383694530000000963e-03 5.934268550000000326e-04
6.814599999999998436e-02 2.969196639999999946e-03 5.676765329999999615e-04
6.897200000000001940e-02 3.278186579999999625e-03 5.984888650000000062e-04
6.979800000000001281e-02 3.822439180000000106e-03 6.132266709999999480e-04
7.062400000000002009e-02 3.147485049999998279e-03 5.902562639999999698e-04
7.144999999999998574e-02 3.611778800000000223e-03 5.697248139999999683e-04
7.227600000000002078e-02 2.686607080000001126e-03 5.168242490000000185e-04
7.310200000000001419e-02 3.416636669999999730e-03 5.559086949999999649e-04
7.392799999999997984e-02 3.103354900000000749e-03 5.237625660000000058e-04
7.475400000000000100e-02 3.207997689999998736e-03 5.718245069999999992e-04
7.557999999999998053e-02 3.510671950000000905e-03 5.230661000000000165e-04
7.640599999999998782e-02 3.258603279999999856e-03 5.397482099999999705e-04
7.723199999999998122e-02 2.907607350000000323e-03 5.235246870000000033e-04
7.805800000000001626e-02 2.460453289999999741e-03 4.997269530000000197e-04
7.888399999999999579e-02 3.153670880000000298e-03 5.053840250000000067e-04
7.971000000000001695e-02 3.018639929999998497e-03 5.126638570000000526e-04
8.053599999999998260e-02 2.674807359999998961e-03 4.786679299999999733e-04
8.136200000000001764e-02 2.885883939999999391e-03 4.645513139999999969e-04
8.218799999999998329e-02 1.849626109999999175e-03 4.873854580000000231e-04
8.301399999999999058e-02 2.375516889999999739e-03 5.186079939999999619e-04
8.384000000000001174e-02 2.315246559999999034e-03 4.552726730000000222e-04
8.466599999999999127e-02 2.193282920000000618e-03 4.692586070000000264e-04
8.549199999999999855e-02 2.563356220000000130e-03 4.804278110000000253e-04
8.631800000000001971e-02 2.044042409999999917e-03 4.687072609999999974e-04
8.714399999999999924e-02 1.840614900000000706e-03 4.736770600000000161e-04
8.797000000000002040e-02 2.691138349999998639e-03 5.127664939999999807e-04
8.879599999999999993e-02 2.132249310000001053e-03 4.878740089999999757e-04
8.962200000000000721e-02 1.606947170000000251e-03 4.962596170000000079e-04
9.044799999999998674e-02 1.669020930000000846e-03 4.769527339999999910e-04
9.127399999999999403e-02 2.361342670000001441e-03 4.989233380000000252e-04
9.210000000000000131e-02 2.429363839999999167e-03 4.727013599999999841e-04
9.292599999999999472e-02 2.163650419999999658e-03 4.630872130000000093e-04
9.375199999999998812e-02 2.376265990000000182e-03 4.776586640000000028e-04
9.457800000000000928e-02 1.806810009999999149e-03 4.702543050000000018e-04
9.540399999999998881e-02 1.620422289999999977e-03 4.462838830000000049e-04
9.622999999999999610e-02 1.608009659999999402e-03 4.786515499999999929e-04
9.705600000000001726e-02 1.505589899999999759e-03 4.888108620000000291e-04
9.788200000000001066e-02 2.413869450000001148e-03 4.483696760000000121e-04
9.870800000000003183e-02 1.253091670000000156e-03 4.553489009999999826e-04
9.953399999999999748e-02 1.887852500000000364e-03 4.496286960000000230e-04
1.003600000000000186e-01 1.763598930000000089e-03 4.651558460000000087e-04
1.011859999999999982e-01 2.310308090000000574e-03 4.815770690000000095e-04
1.020120000000000055e-01 1.638537289999999298e-03 4.354752400000000173e-04
1.028379999999999989e-01 1.178845620000000104e-03 4.724103460000000118e-04
1.036640000000000200e-01 7.561267559999999919e-04 4.459611609999999883e-04
1.044900000000000134e-01 1.059939780000000329e-03 4.416473619999999986e-04
1.053160000000000068e-01 8.192876270000002369e-04 4.550706989999999904e-04
1.061420000000000002e-01 2.279366299999998919e-03 4.478658720000000212e-04
1.069679999999999936e-01 1.928974290000000109e-03 4.558840819999999852e-04
1.077940000000000148e-01 2.334480010000000282e-03 4.869381589999999802e-04
1.086199999999999943e-01 1.672222899999999774e-03 4.377725209999999874e-04
1.094469999999999887e-01 1.414839899999999857e-03 4.717155530000000053e-04
1.102729999999999821e-01 1.586871410000000645e-03 4.572043839999999923e-04
1.110990000000000033e-01 1.149257309999999728e-03 4.477633579999999811e-04
1.119249999999999828e-01 8.941520759999996423e-04 4.387135929999999876e-04
1.127510000000000179e-01 1.566496780000000040e-03 4.702862490000000247e-04
1.135770000000000113e-01 1.173565049999999912e-03 4.437284720000000157e-04
1.144029999999999908e-01 1.243198910000000747e-03 4.203674010000000194e-04
1.152289999999999842e-01 1.373096310000000361e-03 4.355620779999999745e-04
1.160549999999999915e-01 1.892322859999999917e-03 3.969650179999999738e-04
1.168810000000000127e-01 1.313739809999999982e-03 4.177188860000000115e-04
1.177070000000000061e-01 1.784797620000000201e-03 4.310267759999999787e-04
1.185330000000000134e-01 8.828514500000004053e-04 3.896946169999999736e-04
1.193590000000000068e-01 9.691774650000004130e-04 3.924796959999999777e-04
1.201850000000000002e-01 1.012478179999999964e-03 3.943189379999999938e-04
1.210109999999999797e-01 1.522538109999999490e-03 4.107908700000000089e-04
1.218369999999999870e-01 9.217832420000003548e-04 4.220914029999999970e-04
1.226630000000000081e-01 1.462224289999999524e-03 3.929252549999999802e-04
1.234890000000000154e-01 2.134764930000000119e-03 4.050216209999999957e-04
1.243150000000000088e-01 7.261631520000003072e-04 3.886981109999999742e-04
1.251410000000000022e-01 5.454735949999998858e-04 3.869038369999999814e-04
1.259669999999999956e-01 1.055657100000000461e-03 3.621469400000000235e-04
1.267929999999999890e-01 5.660391390000003723e-04 4.009215149999999944e-04
1.276190000000000102e-01 9.549192890000000747e-04 3.691192339999999875e-04
1.284450000000000036e-01 8.263967990000000265e-04 3.607667970000000084e-04
1.292709999999999970e-01 8.178300449999996793e-04 3.749086609999999838e-04
1.300969999999999904e-01 4.794174979999999558e-04 3.687131249999999936e-04
1.309229999999999838e-01 7.616254489999997645e-04 3.804536870000000174e-04
1.317489999999999772e-01 8.725235250000001191e-04 3.636773170000000017e-04
1.325749999999999984e-01 1.773740149999999179e-03 3.733911359999999885e-04
1.334009999999999918e-01 9.171812540000000551e-04 3.701282840000000079e-04
1.342270000000000130e-01 1.187779009999999878e-03 3.515707440000000053e-04
1.350530000000000064e-01 1.335878669999999253e-03 3.681684150000000114e-04
1.358789999999999998e-01 1.013088199999999947e-03 3.724886729999999963e-04
1.367049999999999932e-01 1.030755900000000043e-03 3.542572170000000205e-04
1.375309999999999866e-01 7.376001930000000272e-04 3.517194050000000197e-04
1.383569999999999800e-01 1.162130680000000469e-03 3.488450479999999961e-04
1.391830000000000012e-01 1.334015680000000346e-03 3.553409180000000143e-04
1.400089999999999946e-01 7.813104769999999494e-04 3.235053929999999749e-04
1.408350000000000157e-01 1.209063650000000026e-03 3.719598579999999809e-04
1.416610000000000091e-01 1.044128559999999567e-03 3.649647060000000089e-04
1.424870000000000025e-01 7.148609619999997302e-04 3.537119180000000067e-04
1.433129999999999959e-01 5.157443649999997890e-04 3.438609120000000194e-04
1.441389999999999894e-01 8.924717740000004179e-04 3.397903089999999827e-04
1.449649999999999828e-01 5.235677660000001479e-04 3.201465510000000149e-04
1.457910000000000039e-01 6.662056160000003665e-04 3.341354779999999858e-04
1.466169999999999973e-01 5.169472529999998792e-04 3.440868540000000149e-04
