3.141000000000000996e-03 7.539610570000000456e-01 6.829634199999999877e-01
3.311000000000000575e-03 1.418844709999999898e+00 4.831503630000000271e-01
3.481000000000000587e-03 1.039581319999999920e+00 4.028094649999999777e-01
3.650999999999999732e-03 6.319687739999999554e-01 3.553124349999999820e-01
3.820000000000001346e-03 1.539510759999999978e+00 3.166684659999999818e-01
3.990000000000001358e-03 1.051699240000000035e+00 3.067027609999999904e-01
4.160000000000000503e-03 1.157677049999999985e+00 2.519564779999999837e-01
4.330000000000001383e-03 1.229178649999999928e+00 2.610481869999999871e-01
4.498999999999999527e-03 1.052697819999999895e+00 2.437585110000000110e-01
4.668999999999997805e-03 8.592473280000000324e-01 2.208635039999999883e-01
4.839000000000002154e-03 1.179616360000000030e+00 2.115772069999999894e-01
5.009000000000003033e-03 6.999401710000000554e-01 1.830623660000000041e-01
5.178999999999999576e-03 1.197314800000000012e+00 1.794116880000000136e-01
5.347999999999998588e-03 7.853678670000000528e-01 1.614478890000000111e-01
5.518000000000000335e-03 1.056834009999999990e+00 1.722867730000000042e-01
5.943000000000002968e-03 9.498025549999999928e-01 6.869486090000000156e-02
6.282000000000002859e-03 8.427047460000000045e-01 6.023976949999999830e-02
6.622000000000002017e-03 9.299088690000000268e-01 5.429394020000000154e-02
6.961000000000001041e-03 8.139880369999999976e-01 4.895894469999999971e-02
7.301000000000002800e-03 6.986055860000000006e-01 4.470335510000000151e-02
7.641000000000000222e-03 6.785469800000000218e-01 4.099345570000000050e-02
7.979999999999995777e-03 6.656777769999999705e-01 4.099220289999999656e-02
8.320000000000001006e-03 7.542900409999999667e-01 4.042648520000000079e-02
8.659000000000000030e-03 6.532020419999999827e-01 3.685766199999999937e-02
8.999000000000003524e-03 6.449930510000000394e-01 3.563208639999999872e-02
9.339000000000000079e-03 5.659387449999999653e-01 3.298486870000000293e-02
9.677999999999995634e-03 5.671745070000000499e-01 3.183584870000000233e-02
1.001800000000000260e-02 5.168896689999999960e-01 2.925299019999999875e-02
1.035700000000000162e-02 4.987671269999999768e-01 2.859683719999999915e-02
1.069699999999999818e-02 5.102306939999999846e-01 2.811360870000000067e-02
1.103600000000000241e-02 4.392321699999999773e-01 2.601515059999999838e-02
1.137600000000000243e-02 4.640931900000000443e-01 2.634354759999999948e-02
1.171599999999999898e-02 4.064883870000000066e-01 2.421814590000000156e-02
1.205500000000000148e-02 4.091630549999999977e-01 2.352157690000000051e-02
1.239499999999999803e-02 3.623361680000000140e-01 2.175774889999999850e-02
1.273399999999999879e-02 3.789366169999999756e-01 2.260755450000000166e-02
1.307400000000000055e-02 3.389262730000000001e-01 2.078314909999999863e-02
1.341399999999999884e-02 3.312100210000000211e-01 2.015454020000000124e-02
1.375299999999999613e-02 3.570375359999999887e-01 2.028284719999999888e-02
1.409299999999999962e-02 2.920302730000000069e-01 1.820066719999999943e-02
1.443199999999999691e-02 2.721465069999999820e-01 1.726171240000000037e-02
1.477199999999999694e-02 2.682277479999999881e-01 1.696186380000000091e-02
1.511100000000000290e-02 2.812321329999999953e-01 1.755107430000000038e-02
1.545099999999999772e-02 2.505910399999999871e-01 1.633379559999999925e-02
1.579099999999999948e-02 2.625045959999999790e-01 1.644347139999999957e-02
1.613000000000000198e-02 2.488213509999999962e-01 1.568764710000000034e-02
1.646999999999999853e-02 2.453358360000000016e-01 1.552355019999999974e-02
1.680900000000000102e-02 2.175305820000000001e-01 1.453862619999999987e-02
1.714900000000000105e-02 2.174790640000000275e-01 1.409835180000000056e-02
1.748800000000000354e-02 2.177813359999999920e-01 1.392620420000000026e-02
1.782800000000000357e-02 1.927530169999999987e-01 1.328475120000000009e-02
1.816800000000000359e-02 1.774488969999999943e-01 1.254604150000000057e-02
1.850700000000000262e-02 1.751064999999999983e-01 1.236007060000000012e-02
1.884699999999999570e-02 1.936359379999999797e-01 1.265536639999999963e-02
1.918599999999999819e-02 1.714929299999999879e-01 1.214522929999999924e-02
1.952599999999999822e-02 1.534959539999999900e-01 1.098645709999999942e-02
1.986600000000000518e-02 1.564265169999999872e-01 1.129974270000000044e-02
2.020500000000000421e-02 1.353138929999999907e-01 1.040672110000000032e-02
2.054500000000000076e-02 1.563900039999999991e-01 1.108276509999999923e-02
2.088400000000000326e-02 1.363717439999999892e-01 1.012949569999999945e-02
2.122400000000000328e-02 1.307835420000000026e-01 9.871019409999999203e-03
2.156300000000000230e-02 1.362991080000000021e-01 9.756126869999999507e-03
2.190299999999999539e-02 1.315038269999999898e-01 9.754157649999999416e-03
2.224299999999999888e-02 1.181701160000000056e-01 9.106726299999999552e-03
2.258199999999999791e-02 1.245838260000000086e-01 9.468873679999999932e-03
2.292200000000000487e-02 9.723774170000000494e-02 8.428538359999999605e-03
2.326099999999999696e-02 9.914658970000000959e-02 8.318691039999999426e-03
2.360099999999999698e-02 9.362530639999999682e-02 7.932739109999999844e-03
2.394100000000000394e-02 1.046162449999999966e-01 8.373934470000000269e-03
2.436699999999999630e-02 9.544540999999999442e-02 3.500138109999999855e-03
2.519300000000000012e-02 8.825308829999999050e-02 3.341328990000000127e-03
2.601900000000000740e-02 8.342177059999998645e-02 3.177869439999999809e-03
2.684500000000000081e-02 7.374875379999998315e-02 3.011245190000000176e-03
2.767099999999999421e-02 6.224128149999999526e-02 2.754654909999999877e-03
2.849700000000000150e-02 6.462229220000000052e-02 2.652095189999999821e-03
2.932299999999999143e-02 5.536743920000000707e-02 2.446593930000000132e-03
3.014899999999999178e-02 5.068665519999999286e-02 2.279297119999999961e-03
3.097499999999999559e-02 4.544306400000000523e-02 2.262320029999999836e-03
3.180100000000000982e-02 4.421827289999998717e-02 2.106026909999999825e-03
3.262700000000000322e-02 4.234246239999999578e-02 2.037946230000000063e-03
3.345299999999998969e-02 3.859358369999999622e-02 1.973101489999999885e-03
3.427899999999999697e-02 3.706124760000000656e-02 1.832570350000000065e-03
3.510500000000000426e-02 3.068434019999999318e-02 1.759283169999999912e-03
3.593100000000000460e-02 3.339254440000000157e-02 1.726323839999999990e-03
3.675799999999999901e-02 2.734460640000000234e-02 1.614568380000000036e-03
3.758399999999999935e-02 2.601459260000000412e-02 1.549742119999999957e-03
3.840999999999999970e-02 2.643905519999999523e-02 1.524169120000000086e-03
3.923600000000000004e-02 2.364941819999999417e-02 1.479792030000000053e-03
4.006200000000000039e-02 1.980665500000000287e-02 1.325317369999999941e-03
4.088799999999999379e-02 2.116990480000000355e-02 1.373649179999999938e-03
4.171400000000000108e-02 1.840370230000000495e-02 1.309901559999999965e-03
4.254000000000000142e-02 2.037062889999999640e-02 1.265621979999999964e-03
4.336599999999999483e-02 1.901405530000000246e-02 1.252643730000000018e-03
4.419200000000000905e-02 1.677953580000000194e-02 1.179826479999999955e-03
4.501800000000000246e-02 1.559884940000000157e-02 1.162360679999999971e-03
4.584399999999999586e-02 1.519814609999999705e-02 1.096993799999999939e-03
4.666999999999999621e-02 1.368691740000000170e-02 1.065464419999999964e-03
4.749599999999998962e-02 1.401207890000000060e-02 1.066199920000000106e-03
4.832199999999999690e-02 1.246400819999999611e-02 1.027066610000000038e-03
4.914800000000000418e-02 1.359592159999999973e-02 1.014028819999999911e-03
4.997400000000000453e-02 1.114490299999999941e-02 9.696796279999999680e-04
5.080000000000000487e-02 9.087770879999996707e-03 8.981438769999999750e-04
5.162599999999998440e-02 9.381039899999997142e-03 8.961949859999999686e-04
5.245200000000000556e-02 1.070075519999999850e-02 9.016443840000000400e-04
5.327799999999999897e-02 7.833206849999999749e-03 8.175613209999999789e-04
5.410399999999998544e-02 8.878058770000002431e-03 8.264616730000000355e-04
5.492999999999999966e-02 8.902930010000000699e-03 8.527760410000000211e-04
5.575599999999999307e-02 9.066013299999994834e-03 8.028955909999999996e-04
5.658199999999999341e-02 8.427138519999996871e-03 8.274714200000000356e-04
5.740800000000000070e-02 7.700154219999998974e-03 7.331049320000000095e-04
5.823400000000000798e-02 6.164262549999998016e-03 7.214961299999999873e-04
5.906000000000000139e-02 5.723506819999999926e-03 7.383752419999999993e-04
5.988600000000000173e-02 6.736431869999998448e-03 7.174851290000000461e-04
6.071200000000001595e-02 5.977888119999997564e-03 7.082253240000000501e-04
6.153800000000000242e-02 5.664516169999999837e-03 6.569555560000000290e-04
6.236400000000000277e-02 5.823393120000001748e-03 7.005418409999999464e-04
6.318999999999999617e-02 5.185099820000001365e-03 6.719335350000000227e-04
6.401600000000000346e-02 4.350236149999998914e-03 6.265626710000000250e-04
6.484199999999998298e-02 5.101715100000001925e-03 6.278752530000000342e-04
6.566799999999999027e-02 4.466338710000001752e-03 6.046874840000000372e-04
6.649399999999998367e-02 4.724856229999998582e-03 5.895756070000000197e-04
6.732000000000000484e-02 4.265958569999997972e-03 5.907815290000000214e-04
6.814599999999998436e-02 3.960325669999997973e-03 6.026100549999999483e-04
6.897200000000001940e-02 3.622791970000000233e-03 6.095307970000000139e-04
6.979800000000001281e-02 3.372954850000001864e-03 5.981642370000000162e-04
7.062400000000002009e-02 3.319412900000000624e-03 5.950929439999999961e-04
7.144999999999998574e-02 3.683690670000001107e-03 5.720055080000000262e-04
7.227600000000002078e-02 4.371275689999998097e-03 5.744503899999999635e-04
7.310200000000001419e-02 3.042205720000000242e-03 5.446922470000000382e-04
7.392799999999997984e-02 3.693139050000001766e-03 5.440019029999999811e-04
7.475400000000000100e-02 2.974150559999999555e-03 5.628472080000000363e-04
7.557999999999998053e-02 2.863563129999998572e-03 5.004811129999999766e-04
7.640599999999998782e-02 2.490784920000000454e-03 5.129277269999999583e-04
7.723199999999998122e-02 2.814070320000001436e-03 5.184897499999999463e-04
7.805800000000001626e-02 2.756346280000001280e-03 5.120454559999999475e-04
7.888399999999999579e-02 3.160941160000000239e-03 5.036325709999999465e-04
7.971000000000001695e-02 2.459354230000000349e-03 4.933384849999999716e-04
8.053599999999998260e-02 3.371204090000000982e-03 5.036714920000000088e-04
8.136200000000001764e-02 2.685440180000000458e-03 4.571505539999999807e-04
8.218799999999998329e-02 1.175298449999999688e-03 4.623484939999999901e-04
8.301399999999999058e-02 1.793370179999999358e-03 4.982116669999999683e-04
8.384000000000001174e-02 2.613341869999998620e-03 4.681760589999999791e-04
8.466599999999999127e-02 2.706390009999999017e-03 4.879467050000000088e-04
8.549199999999999855e-02 1.903133520000000085e-03 4.550097589999999828e-04
8.631800000000001971e-02 1.807478909999999783e-03 4.597825080000000268e-04
8.714399999999999924e-02 1.186939489999999479e-03 4.464471410000000226e-04
8.797000000000002040e-02 2.061465799999999578e-03 4.923489180000000008e-04
8.879599999999999993e-02 1.997170780000000721e-03 4.829965679999999751e-04
8.962200000000000721e-02 8.757233870000003147e-04 4.674478999999999939e-04
9.044799999999998674e-02 2.036516920000000161e-03 4.903173329999999585e-04
9.127399999999999403e-02 2.046742439999999375e-03 4.876227469999999979e-04
9.210000000000000131e-02 2.601381899999999272e-03 4.786005350000000088e-04
9.292599999999999472e-02 2.113424809999998964e-03 4.630917700000000150e-04
9.375199999999998812e-02 1.759098820000000582e-03 4.531596069999999760e-04
9.457800000000000928e-02 1.399569359999999676e-03 4.561366389999999926e-04
9.540399999999998881e-02 1.047998890000000202e-03 4.226771349999999946e-04
9.622999999999999610e-02 1.278479719999999625e-03 4.663631299999999890e-04
9.705600000000001726e-02 1.349074119999999540e-03 4.821746410000000223e-04
9.788200000000001066e-02 2.199931070000000610e-03 4.403906540000000194e-04
9.870800000000003183e-02 1.589919109999999962e-03 4.688088750000000016e-04
9.953399999999999748e-02 1.691263249999999142e-03 4.414677610000000154e-04
1.003600000000000186e-01 1.593298679999999821e-03 4.588852539999999829e-04
1.011859999999999982e-01 1.558168940000000764e-03 4.533601520000000258e-04
1.020120000000000055e-01 1.186943649999999770e-03 4.160514350000000150e-04
1.028379999999999989e-01 3.147643030000000738e-04 4.410956609999999787e-04
1.036640000000000200e-01 6.571675850000002154e-04 4.422733219999999861e-04
1.044900000000000134e-01 1.421574710000000734e-03 4.539861940000000109e-04
1.053160000000000068e-01 8.644051840000000798e-04 4.570076799999999904e-04
1.061420000000000002e-01 1.719146749999999561e-03 4.262555420000000068e-04
1.069679999999999936e-01 9.358328130000004861e-04 4.179741200000000015e-04
1.077940000000000148e-01 7.861732370000000655e-04 4.298069550000000036e-04
1.086199999999999943e-01 7.809769409999999922e-04 4.030434659999999913e-04
1.094469999999999887e-01 5.741153469999997396e-04 4.409569389999999861e-04
1.102729999999999821e-01 1.173001960000000623e-03 4.418122050000000255e-04
1.110990000000000033e-01 6.744321090000001979e-04 4.301151719999999744e-04
1.119249999999999828e-01 3.438948630000001542e-04 4.181006430000000040e-04
1.127510000000000179e-01 1.101111119999999841e-03 4.537753349999999741e-04
1.135770000000000113e-01 1.143239009999999847e-03 4.417088759999999894e-04
1.144029999999999908e-01 1.437994699999999536e-03 4.278862900000000228e-04
1.152289999999999842e-01 1.185995779999999937e-03 4.287694310000000268e-04
1.160549999999999915e-01 1.983585030000000696e-03 4.010695770000000169e-04
1.168810000000000127e-01 1.150867669999999354e-03 4.106828729999999769e-04
1.177070000000000061e-01 9.334190930000001727e-04 4.004690720000000145e-04
1.185330000000000134e-01 1.347970969999999795e-03 4.091791739999999758e-04
1.193590000000000068e-01 9.514799040000004827e-04 3.896311810000000191e-04
1.201850000000000002e-01 7.134934469999997799e-04 3.834846230000000210e-04
1.210109999999999797e-01 4.735941869999999365e-04 3.740626190000000042e-04
1.218369999999999870e-01 4.726627480000000965e-04 4.070181099999999790e-04
1.226630000000000081e-01 1.084087470000000145e-03 3.800828690000000081e-04
1.234890000000000154e-01 1.106154179999999316e-03 3.691386940000000207e-04
1.243150000000000088e-01 8.628065749999995785e-04 3.932158740000000130e-04
1.251410000000000022e-01 5.096872320000001445e-04 3.858601189999999806e-04
1.259669999999999956e-01 1.292447629999999388e-03 3.718363080000000251e-04
1.267929999999999890e-01 3.243580810000000155e-04 3.917592599999999785e-04
1.276190000000000102e-01 8.280578109999998937e-04 3.636394409999999921e-04
1.284450000000000036e-01 7.149588430000000140e-04 3.575846389999999780e-04
1.292709999999999970e-01 4.851304310000000247e-04 3.642342379999999801e-04
1.300969999999999904e-01 1.879163629999999535e-04 3.589641410000000065e-04
1.317489999999999772e-01 4.747451480000001089e-04 3.497770359999999735e-04
1.325749999999999984e-01 5.725295620000003631e-04 3.334498509999999998e-04
1.334009999999999918e-01 8.273115879999992845e-05 3.417879270000000083e-04
1.342270000000000130e-01 7.941701380000002830e-04 3.378754740000000168e-04
1.350530000000000064e-01 1.251932180000000019e-03 3.656219040000000214e-04
1.358789999999999998e-01 8.164178629999997499e-04 3.661165370000000118e-04
1.367049999999999932e-01 7.090780150000002956e-04 3.438570559999999774e-04
1.375309999999999866e-01 8.501545759999996421e-04 3.543894920000000242e-04
1.383569999999999800e-01 7.400788430000000175e-04 3.352879189999999907e-04
1.391830000000000012e-01 1.032587230000000123e-03 3.451755450000000189e-04
1.400089999999999946e-01 1.050514819999999764e-03 3.324624720000000141e-04
1.408350000000000157e-01 5.541714479999998401e-04 3.527947029999999799e-04
1.416610000000000091e-01 2.885435920000001199e-04 3.408856250000000233e-04
1.424870000000000025e-01 7.382946230000003458e-04 3.540349199999999886e-04
1.433129999999999959e-01 3.217709830000000607e-04 3.379113009999999738e-04
1.441389999999999894e-01 6.835472020000001210e-04 3.328345780000000267e-04
1.449649999999999828e-01 8.040149720000003752e-04 3.290889019999999779e-04
1.457910000000000039e-01 4.309504810000001776e-04 3.262507079999999783e-04
1.466169999999999973e-01 1.049983549999999963e-03 3.599612130000000212e-04
1.474429999999999907e-01 9.571413970000001515e-04 3.367678290000000177e-04
1.482690000000000119e-01 4.825694369999999553e-04 3.317751599999999848e-04
1.490950000000000053e-01 5.017005710000001012e-04 3.303006799999999988e-04
1.499210000000000265e-01 4.183402160000002307e-04 3.148583969999999856e-04
1.507469999999999921e-01 6.708732960000002256e-04 3.195889939999999757e-04
1.515730000000000133e-01 1.251038959999999686e-04 3.303932550000000172e-04
1.523990000000000344e-01 6.552013229999997974e-04 3.357461759999999951e-04
1.532249999999999723e-01 7.050574699999996760e-04 3.204595039999999810e-04
1.540509999999999935e-01 9.197784039999996886e-04 3.189373020000000258e-04
1.548769999999999869e-01 8.332800360000003348e-04 3.210951810000000099e-04
1.557029999999999803e-01 8.310575259999999128e-04 3.101511470000000012e-04
1.565290000000000015e-01 3.764504960000001482e-04 3.194668219999999888e-04
1.573549999999999949e-01 4.764756280000002225e-04 3.130741160000000156e-04
1.581809999999999883e-01 4.121764649999998687e-04 3.191009580000000252e-04
1.590070000000000094e-01 6.543077280000002575e-04 3.051270220000000012e-04
1.598330000000000028e-01 5.185017559999997860e-04 3.193125760000000107e-04
1.606589999999999963e-01 7.170923550000000025e-04 3.247803600000000158e-04
1.614850000000000174e-01 5.327926440000001684e-04 3.260362829999999875e-04
1.623110000000000386e-01 3.132222560000000517e-04 2.987437969999999824e-04
1.631369999999999765e-01 3.897612390000000995e-04 2.908807839999999912e-04
1.639629999999999976e-01 7.851779100000003423e-04 3.057568800000000256e-04
1.647889999999999633e-01 3.404529150000000157e-04 3.137837439999999960e-04
1.656150000000000122e-01 4.097722830000000410e-04 2.984934909999999793e-04
1.664410000000000334e-01 2.245702470000000698e-04 3.017414949999999837e-04
1.672669999999999990e-01 5.514959700000000723e-04 2.927887960000000070e-04
1.680930000000000202e-01 2.950563179999998969e-04 3.093307709999999766e-04
1.689190000000000136e-01 8.573105509999999832e-04 2.808960860000000244e-04
1.697450000000000347e-01 3.202834990000001571e-04 2.918406690000000078e-04
1.705710000000000004e-01 3.212862179999999962e-04 3.080728490000000236e-04
1.713969999999999938e-01 5.183401310000001821e-04 3.097198229999999848e-04
