2.970999999999998815e-03 1.168985689999999966e+00 1.069858310000000090e+00
3.141000000000000996e-03 5.460671409999999781e-01 6.737902089999999733e-01
3.311000000000000575e-03 1.893163360000000184e+00 5.042389520000000180e-01
3.481000000000000587e-03 8.774194509999999614e-01 4.004079799999999967e-01
3.650999999999999732e-03 4.506335730000000650e-01 3.488082769999999999e-01
3.820000000000001346e-03 9.751189129999999761e-01 2.940135159999999748e-01
3.990000000000001358e-03 7.813888420000000279e-01 2.947116539999999896e-01
4.160000000000000503e-03 1.398401929999999904e+00 2.650145899999999943e-01
4.330000000000001383e-03 9.788804930000000182e-01 2.519948839999999746e-01
4.498999999999999527e-03 5.388958390000000431e-01 2.189181219999999928e-01
4.668999999999997805e-03 9.967552750000000517e-01 2.276773609999999948e-01
4.839000000000002154e-03 9.461319320000000088e-01 2.005619180000000057e-01
5.009000000000003033e-03 1.153004729999999922e+00 2.059474340000000125e-01
5.178999999999999576e-03 1.374434769999999917e+00 1.928776379999999901e-01
5.347999999999998588e-03 9.012316750000000098e-01 1.680570419999999898e-01
5.518000000000000335e-03 8.267840490000000209e-01 1.619087650000000100e-01
5.603000000000001209e-03 8.069263960000000457e-01 1.007825630000000056e-01
5.943000000000002968e-03 8.371558140000000536e-01 6.695997859999999746e-02
6.282000000000002859e-03 7.691672859999999501e-01 5.871555690000000022e-02
6.622000000000002017e-03 7.642178259999999890e-01 5.112191590000000202e-02
6.961000000000001041e-03 6.011828420000000506e-01 4.447745179999999798e-02
7.301000000000002800e-03 6.341667109999999941e-01 4.284510469999999738e-02
7.641000000000000222e-03 5.891455490000000461e-01 3.964033520000000144e-02
7.979999999999995777e-03 5.445786209999999850e-01 3.784213449999999923e-02
8.320000000000001006e-03 5.350802310000000173e-01 3.526322810000000196e-02
8.659000000000000030e-03 5.026228139999999733e-01 3.362561690000000214e-02
8.999000000000003524e-03 4.569243040000000033e-01 3.102016850000000048e-02
9.339000000000000079e-03 4.522895719999999731e-01 3.007616150000000030e-02
9.677999999999995634e-03 4.893901999999999974e-01 3.007776100000000147e-02
1.001800000000000260e-02 4.100564720000000052e-01 2.648007809999999851e-02
1.035700000000000162e-02 3.936929499999999860e-01 2.606715479999999890e-02
1.069699999999999818e-02 4.336691759999999896e-01 2.610198080000000059e-02
1.103600000000000241e-02 3.627800990000000225e-01 2.415606799999999929e-02
1.137600000000000243e-02 3.435345260000000067e-01 2.303105470000000113e-02
1.171599999999999898e-02 2.928417569999999803e-01 2.119506440000000144e-02
1.205500000000000148e-02 3.642262150000000198e-01 2.245083169999999989e-02
1.239499999999999803e-02 2.944835699999999723e-01 1.974099190000000101e-02
1.273399999999999879e-02 3.185642839999999754e-01 2.114027870000000087e-02
1.307400000000000055e-02 2.573522200000000204e-01 1.863909810000000111e-02
1.341399999999999884e-02 2.732892670000000024e-01 1.855137429999999948e-02
1.375299999999999613e-02 2.507609199999999983e-01 1.728276239999999853e-02
1.409299999999999962e-02 2.563872999999999847e-01 1.704400780000000018e-02
1.443199999999999691e-02 2.255742199999999642e-01 1.613992339999999887e-02
1.477199999999999694e-02 2.294590610000000197e-01 1.565211160000000087e-02
1.511100000000000290e-02 1.882457160000000074e-01 1.476697679999999964e-02
1.545099999999999772e-02 1.882031319999999952e-01 1.440901879999999941e-02
1.579099999999999948e-02 1.944131849999999884e-01 1.442644040000000058e-02
1.613000000000000198e-02 1.886344279999999651e-01 1.395280190000000066e-02
1.646999999999999853e-02 1.841046149999999715e-01 1.360031280000000009e-02
1.680900000000000102e-02 1.613766010000000362e-01 1.273536729999999971e-02
1.714900000000000105e-02 1.786083629999999922e-01 1.291031989999999983e-02
1.748800000000000354e-02 1.615455729999999979e-01 1.202437360000000073e-02
1.782800000000000357e-02 1.549839460000000391e-01 1.227231659999999946e-02
1.816800000000000359e-02 1.402942450000000119e-01 1.120064620000000080e-02
1.850700000000000262e-02 1.468728850000000363e-01 1.143181100000000006e-02
1.884699999999999570e-02 1.286527379999999887e-01 1.060908969999999930e-02
1.918599999999999819e-02 1.449567300000000336e-01 1.121175259999999951e-02
1.952599999999999822e-02 1.362135600000000113e-01 1.049010769999999919e-02
1.986600000000000518e-02 1.427141190000000281e-01 1.082945410000000011e-02
2.020500000000000421e-02 1.054094499999999879e-01 9.297768209999999686e-03
2.054500000000000076e-02 1.047350269999999944e-01 9.320004280000000405e-03
2.088400000000000326e-02 8.944041989999999831e-02 8.351310520000000334e-03
2.122400000000000328e-02 1.041885489999999914e-01 8.876857199999999351e-03
2.156300000000000230e-02 9.388997510000000879e-02 8.254133800000000576e-03
2.190299999999999539e-02 9.591776559999998231e-02 8.416343090000000249e-03
2.224299999999999888e-02 9.736007010000001516e-02 8.305400710000000741e-03
2.258199999999999791e-02 9.467286129999998023e-02 8.355171379999999995e-03
2.292200000000000487e-02 8.120353519999999603e-02 7.819478839999999611e-03
2.326099999999999696e-02 8.381638280000001939e-02 7.785407779999999750e-03
2.360099999999999698e-02 7.137672479999998543e-02 7.039055029999999671e-03
2.436699999999999630e-02 7.656956270000001008e-02 3.206952459999999790e-03
2.519300000000000012e-02 7.078474059999999290e-02 3.040912920000000009e-03
2.601900000000000740e-02 6.546016759999997991e-02 2.866562669999999941e-03
2.684500000000000081e-02 5.586467949999998628e-02 2.692553199999999942e-03
2.767099999999999421e-02 4.844336180000000797e-02 2.477880740000000092e-03
2.849700000000000150e-02 5.262988560000001620e-02 2.446643389999999824e-03
2.932299999999999143e-02 4.918103479999999528e-02 2.335399829999999875e-03
3.014899999999999178e-02 4.275969839999999023e-02 2.101801930000000117e-03
3.097499999999999559e-02 3.567410979999999926e-02 2.060460469999999926e-03
3.180100000000000982e-02 3.555928600000000245e-02 1.925549240000000049e-03
3.262700000000000322e-02 3.594050520000000026e-02 1.893753879999999926e-03
3.345299999999998969e-02 3.223785920000000332e-02 1.839924510000000074e-03
3.427899999999999697e-02 3.152878399999999720e-02 1.708888329999999969e-03
3.510500000000000426e-02 2.691671389999999997e-02 1.685410629999999901e-03
3.593100000000000460e-02 2.661213110000000201e-02 1.560718690000000063e-03
3.675799999999999901e-02 2.391155819999999863e-02 1.539218219999999955e-03
3.758399999999999935e-02 2.706975079999999687e-02 1.571162070000000016e-03
3.840999999999999970e-02 2.295718670000000336e-02 1.442787720000000004e-03
3.923600000000000004e-02 2.064571449999999184e-02 1.411090959999999894e-03
4.006200000000000039e-02 1.970229679999999789e-02 1.321687499999999946e-03
4.088799999999999379e-02 1.744375520000000443e-02 1.280295720000000029e-03
4.171400000000000108e-02 1.703346510000000244e-02 1.278918399999999901e-03
4.254000000000000142e-02 1.704115520000000147e-02 1.177984250000000061e-03
4.336599999999999483e-02 1.743994330000000342e-02 1.214903100000000067e-03
4.419200000000000905e-02 1.642963669999999987e-02 1.173012260000000015e-03
4.501800000000000246e-02 1.297846770000000288e-02 1.085968560000000020e-03
4.584399999999999586e-02 1.087157790000000367e-02 9.754200950000000087e-04
4.666999999999999621e-02 1.451324879999999796e-02 1.089611469999999952e-03
4.749599999999998962e-02 1.009574970000000002e-02 9.514563989999999701e-04
4.832199999999999690e-02 1.057249380000000252e-02 9.763212750000000318e-04
4.914800000000000418e-02 1.141402369999999777e-02 9.541002250000000118e-04
4.997400000000000453e-02 1.009650999999999778e-02 9.412064589999999962e-04
5.080000000000000487e-02 9.282787369999998331e-03 9.031127510000000035e-04
5.162599999999998440e-02 8.380674940000000864e-03 8.679622430000000135e-04
5.245200000000000556e-02 9.841077590000002137e-03 8.756033330000000505e-04
5.327799999999999897e-02 9.507674439999995453e-03 8.747573589999999618e-04
5.410399999999998544e-02 8.167549099999997508e-03 8.043736379999999898e-04
5.492999999999999966e-02 6.467986290000002532e-03 7.770669189999999905e-04
5.575599999999999307e-02 7.632458919999998009e-03 7.623622079999999718e-04
5.658199999999999341e-02 6.261301079999999179e-03 7.571745279999999483e-04
5.740800000000000070e-02 6.219194279999998819e-03 6.832256189999999984e-04
5.823400000000000798e-02 6.956906229999997894e-03 7.511529719999999587e-04
5.906000000000000139e-02 6.462519879999996386e-03 7.596393839999999792e-04
5.988600000000000173e-02 5.709833760000001396e-03 6.878829559999999864e-04
6.071200000000001595e-02 5.378977760000000496e-03 6.872437650000000125e-04
6.153800000000000242e-02 5.577640469999999885e-03 6.574283590000000238e-04
6.236400000000000277e-02 5.244926560000002548e-03 6.819147160000000023e-04
6.318999999999999617e-02 5.090759500000000860e-03 6.683483000000000262e-04
6.401600000000000346e-02 4.693296860000000480e-03 6.408227149999999464e-04
6.484199999999998298e-02 4.780213599999998640e-03 6.177574809999999495e-04
6.566799999999999027e-02 4.862652399999998695e-03 6.187503020000000367e-04
6.649399999999998367e-02 4.102196860000001562e-03 5.687996439999999610e-04
6.732000000000000484e-02 4.300788129999998446e-03 5.917736239999999738e-04
6.814599999999998436e-02 3.982266410000000027e-03 6.039822550000000434e-04
6.897200000000001940e-02 4.003341980000000959e-03 6.253242190000000110e-04
6.979800000000001281e-02 4.278545980000002073e-03 6.275411920000000063e-04
7.062400000000002009e-02 3.374904839999998997e-03 5.975528419999999973e-04
7.144999999999998574e-02 3.551274290000001107e-03 5.699211160000000045e-04
7.227600000000002078e-02 4.522995429999997555e-03 5.793956440000000473e-04
7.310200000000001419e-02 3.470858210000000305e-03 5.610709879999999485e-04
7.392799999999997984e-02 3.223671330000001719e-03 5.281260269999999649e-04
7.475400000000000100e-02 2.786520800000000068e-03 5.577766350000000180e-04
7.557999999999998053e-02 3.811402909999999592e-03 5.364057850000000056e-04
7.640599999999998782e-02 2.859624109999999407e-03 5.247375869999999862e-04
7.723199999999998122e-02 3.161208579999999838e-03 5.347577909999999459e-04
7.805800000000001626e-02 3.046960099999999200e-03 5.208884079999999460e-04
7.888399999999999579e-02 2.902006859999998675e-03 4.952527360000000484e-04
7.971000000000001695e-02 3.102784370000001048e-03 5.171136149999999623e-04
8.053599999999998260e-02 2.654201360000001293e-03 4.791071499999999890e-04
8.136200000000001764e-02 3.833821929999998730e-03 5.001686709999999744e-04
8.218799999999998329e-02 1.511521239999999737e-03 4.752429250000000049e-04
8.301399999999999058e-02 2.004418209999999593e-03 5.046668689999999659e-04
8.384000000000001174e-02 3.351142259999999925e-03 4.959289300000000508e-04
8.466599999999999127e-02 2.932126629999998527e-03 4.977332159999999905e-04
8.549199999999999855e-02 2.523830919999999270e-03 4.787972179999999862e-04
8.631800000000001971e-02 3.350214800000001804e-03 5.170346039999999550e-04
8.714399999999999924e-02 2.046808269999999576e-03 4.794390150000000096e-04
8.797000000000002040e-02 1.625064920000000726e-03 4.789949890000000073e-04
8.879599999999999993e-02 2.685288849999999290e-03 5.096253789999999903e-04
8.962200000000000721e-02 2.508819380000000456e-03 5.242344950000000234e-04
9.044799999999998674e-02 2.250490809999999321e-03 4.993601689999999918e-04
9.127399999999999403e-02 2.159859149999999051e-03 4.914525389999999843e-04
9.210000000000000131e-02 2.991943910000001514e-03 4.964518179999999510e-04
9.292599999999999472e-02 2.337837849999999801e-03 4.716778750000000177e-04
9.375199999999998812e-02 2.416462350000001067e-03 4.773481219999999980e-04
9.457800000000000928e-02 2.310849149999999637e-03 4.908401490000000381e-04
9.540399999999998881e-02 2.678813400000000511e-03 4.866514030000000158e-04
9.622999999999999610e-02 1.511949259999999457e-03 4.764223110000000041e-04
9.705600000000001726e-02 1.512872379999999741e-03 4.871654500000000064e-04
9.788200000000001066e-02 2.493700320000000626e-03 4.528334360000000258e-04
9.870800000000003183e-02 1.569292929999999879e-03 4.687452349999999949e-04
9.953399999999999748e-02 1.999359269999999821e-03 4.544391569999999729e-04
1.003600000000000186e-01 1.507676650000000333e-03 4.561068150000000096e-04
1.011859999999999982e-01 2.065769560000000216e-03 4.725431620000000222e-04
1.020120000000000055e-01 1.652262590000000723e-03 4.352035960000000042e-04
1.028379999999999989e-01 1.459512520000000573e-03 4.851300400000000150e-04
1.036640000000000200e-01 1.142489599999999992e-03 4.613024920000000084e-04
1.044900000000000134e-01 1.671876420000000581e-03 4.632533130000000008e-04
1.053160000000000068e-01 1.650643609999999763e-03 4.859772209999999970e-04
1.061420000000000002e-01 1.958569790000000595e-03 4.361524020000000007e-04
1.069679999999999936e-01 1.705149849999999627e-03 4.496499349999999950e-04
1.077940000000000148e-01 2.106489040000000725e-03 4.782704079999999824e-04
1.086199999999999943e-01 2.220856119999999739e-03 4.603441569999999782e-04
1.094469999999999887e-01 9.960017230000004114e-04 4.563794179999999855e-04
1.102729999999999821e-01 1.345731589999999344e-03 4.496453679999999750e-04
1.110990000000000033e-01 1.313568510000000331e-03 4.541677960000000216e-04
1.119249999999999828e-01 9.915419230000000785e-04 4.429571669999999911e-04
1.127510000000000179e-01 1.550986849999999931e-03 4.718728880000000003e-04
1.135770000000000113e-01 1.128536449999999799e-03 4.414139400000000220e-04
1.144029999999999908e-01 9.996421440000003138e-04 4.111473230000000094e-04
1.152289999999999842e-01 1.704501690000000255e-03 4.493093610000000251e-04
1.160549999999999915e-01 1.792954630000000334e-03 3.919950400000000198e-04
1.168810000000000127e-01 1.453238120000000314e-03 4.233763529999999922e-04
1.177070000000000061e-01 1.477136030000000518e-03 4.205878949999999916e-04
1.185330000000000134e-01 1.255572870000000148e-03 4.047732289999999883e-04
1.193590000000000068e-01 7.694851320000003223e-04 3.839454649999999962e-04
1.201850000000000002e-01 9.086329589999998920e-04 3.904681320000000038e-04
1.210109999999999797e-01 1.202555819999999659e-03 4.007444490000000191e-04
1.218369999999999870e-01 1.545174389999999813e-03 4.423579529999999800e-04
1.226630000000000081e-01 1.529277279999999642e-03 3.966399029999999781e-04
1.234890000000000154e-01 1.342475249999999960e-03 3.780522740000000215e-04
1.243150000000000088e-01 9.123034569999995255e-04 3.952856419999999766e-04
1.251410000000000022e-01 1.285625740000000605e-03 4.123237650000000087e-04
1.259669999999999956e-01 1.651229289999999860e-03 3.838364859999999850e-04
1.267929999999999890e-01 9.794815469999999108e-04 4.135605620000000222e-04
1.276190000000000102e-01 1.091233129999999744e-03 3.735337079999999929e-04
1.284450000000000036e-01 1.164738649999999803e-03 3.731439389999999766e-04
1.292709999999999970e-01 1.129936310000000284e-03 3.854064609999999767e-04
1.300969999999999904e-01 1.119500130000000183e-03 3.903530850000000072e-04
1.309229999999999838e-01 9.466721109999998466e-04 3.861896399999999890e-04
1.317489999999999772e-01 9.599530349999995781e-04 3.667413459999999906e-04
1.325749999999999984e-01 1.249394340000000618e-03 3.580758970000000102e-04
1.334009999999999918e-01 8.629005460000003071e-04 3.682033259999999966e-04
1.342270000000000130e-01 1.412040160000000702e-03 3.593364530000000092e-04
1.350530000000000064e-01 9.654700080000002500e-04 3.561295810000000145e-04
1.358789999999999998e-01 3.537869569999998933e-04 3.518877720000000058e-04
1.367049999999999932e-01 6.551275909999999467e-04 3.417477170000000008e-04
1.375309999999999866e-01 1.230431559999999426e-03 3.671275170000000182e-04
1.383569999999999800e-01 9.745941099999996284e-04 3.438153550000000187e-04
1.391830000000000012e-01 1.727698859999999767e-03 3.677448350000000056e-04
1.400089999999999946e-01 1.209966939999999967e-03 3.382668569999999807e-04
1.408350000000000157e-01 1.012946859999999845e-03 3.675013809999999994e-04
1.416610000000000091e-01 9.967864670000002418e-04 3.636065500000000127e-04
1.424870000000000025e-01 1.142183729999999859e-03 3.675901290000000224e-04
1.433129999999999959e-01 5.943506890000001741e-04 3.467777339999999846e-04
1.441389999999999894e-01 7.898165069999999680e-04 3.357734650000000244e-04
1.449649999999999828e-01 8.546046809999996831e-04 3.329164570000000124e-04
1.457910000000000039e-01 5.306039020000000161e-04 3.291168690000000085e-04
1.466169999999999973e-01 5.109985759999997879e-04 3.441685390000000168e-04
1.474429999999999907e-01 6.436339840000000886e-04 3.272584800000000096e-04
1.482690000000000119e-01 6.349697270000000072e-04 3.365845199999999973e-04
1.490950000000000053e-01 1.381387909999999813e-03 3.577913779999999976e-04
1.499210000000000265e-01 9.621351250000000728e-04 3.324702269999999806e-04
1.507469999999999921e-01 1.296459649999999594e-03 3.391609770000000249e-04
1.515730000000000133e-01 3.385534379999998855e-04 3.372871469999999799e-04
1.523990000000000344e-01 6.870460280000001809e-04 3.373420950000000237e-04
1.532249999999999723e-01 1.303304459999999818e-03 3.390505890000000059e-04
1.540509999999999935e-01 1.130933070000000353e-03 3.258738379999999739e-04
1.548769999999999869e-01 8.160203510000000986e-04 3.216150649999999873e-04
1.557029999999999803e-01 9.780476170000002543e-04 3.142220030000000028e-04
1.565290000000000015e-01 4.389903179999998643e-04 3.222106950000000079e-04
1.573549999999999949e-01 4.970760050000000299e-04 3.143584540000000167e-04
1.581809999999999883e-01 3.071458779999998944e-04 3.160626830000000192e-04
1.590070000000000094e-01 6.276179370000002861e-04 3.050144170000000047e-04
1.598330000000000028e-01 2.204641609999999211e-04 3.107836059999999866e-04
1.606589999999999963e-01 7.251225040000001823e-04 3.255397080000000049e-04
1.614850000000000174e-01 4.916404020000000223e-04 3.247259460000000066e-04
1.623110000000000386e-01 9.556131949999997766e-04 3.193845480000000094e-04
1.631369999999999765e-01 1.006497750000000116e-03 3.102250850000000046e-04
1.639629999999999976e-01 6.200271200000001624e-04 3.015688110000000087e-04
1.647889999999999633e-01 5.634848679999997310e-04 3.200619510000000056e-04
1.656150000000000122e-01 5.479117899999999802e-04 3.033894929999999732e-04
1.664410000000000334e-01 6.850031999999998521e-04 3.158071779999999736e-04
1.672669999999999990e-01 7.693160140000003012e-04 2.995937799999999897e-04
1.680930000000000202e-01 7.059558240000000408e-04 3.218980200000000152e-04
1.689190000000000136e-01 1.248956930000000472e-03 2.935869859999999947e-04
1.697450000000000347e-01 5.536974769999998503e-04 2.991008069999999798e-04
