3.650999999999999732e-03 2.523030519999999832e+00 4.237740199999999735e-01
3.820000000000001346e-03 3.514947929999999943e+00 3.883783279999999949e-01
3.990000000000001358e-03 2.806059540000000130e+00 3.698561739999999820e-01
4.160000000000000503e-03 2.835940439999999896e+00 3.209053729999999938e-01
4.330000000000001383e-03 2.850658720000000201e+00 3.267065969999999875e-01
4.498999999999999527e-03 2.894108179999999919e+00 3.165043799999999741e-01
4.668999999999997805e-03 2.828231610000000007e+00 2.999959930000000163e-01
4.839000000000002154e-03 2.700530290000000111e+00 2.756615370000000120e-01
5.009000000000003033e-03 2.512658350000000151e+00 2.615053370000000044e-01
5.178999999999999576e-03 2.785417069999999828e+00 2.545477600000000118e-01
5.603000000000001209e-03 2.033780660000000129e+00 1.160673980000000022e-01
5.943000000000002968e-03 1.991383480000000095e+00 8.553178349999999985e-02
6.282000000000002859e-03 1.754729680000000069e+00 7.699710580000000693e-02
6.622000000000002017e-03 1.681726630000000000e+00 6.852001350000000435e-02
6.961000000000001041e-03 1.450340409999999913e+00 6.134350599999999903e-02
7.301000000000002800e-03 1.513567979999999924e+00 6.050837929999999809e-02
7.641000000000000222e-03 1.425893260000000051e+00 5.605436059999999859e-02
7.979999999999995777e-03 1.317384129999999987e+00 5.401260289999999797e-02
8.320000000000001006e-03 1.274611079999999896e+00 5.112206849999999941e-02
8.659000000000000030e-03 1.109888559999999913e+00 4.630119979999999802e-02
8.999000000000003524e-03 1.054863780000000029e+00 4.421520470000000341e-02
9.339000000000000079e-03 9.434510459999999599e-01 4.122859310000000221e-02
9.677999999999995634e-03 9.369855099999999659e-01 3.977568489999999679e-02
1.001800000000000260e-02 8.342216639999999739e-01 3.674131209999999953e-02
1.035700000000000162e-02 7.713142010000000326e-01 3.467417440000000045e-02
1.069699999999999818e-02 8.367984929999999766e-01 3.540633270000000110e-02
1.103600000000000241e-02 6.981588629999999629e-01 3.229121149999999996e-02
1.137600000000000243e-02 6.910558100000000481e-01 3.158626779999999801e-02
1.171599999999999898e-02 6.209068290000000490e-01 2.952286999999999967e-02
1.205500000000000148e-02 6.371348839999999569e-01 2.869455469999999953e-02
1.239499999999999803e-02 6.528578910000000235e-01 2.906239299999999887e-02
1.273399999999999879e-02 5.737687000000000204e-01 2.709038969999999838e-02
1.307400000000000055e-02 5.740984420000000421e-01 2.653757210000000019e-02
1.341399999999999884e-02 5.604644540000000008e-01 2.588404630000000137e-02
1.375299999999999613e-02 5.054838050000000083e-01 2.384619749999999927e-02
1.409299999999999962e-02 5.016417149999999880e-01 2.375677819999999843e-02
1.443199999999999691e-02 4.441256940000000153e-01 2.177018580000000120e-02
1.477199999999999694e-02 4.541926960000000069e-01 2.184434149999999950e-02
1.511100000000000290e-02 3.812916760000000238e-01 2.037886870000000031e-02
1.545099999999999772e-02 3.787477060000000173e-01 1.974722959999999916e-02
1.579099999999999948e-02 3.796120949999999827e-01 1.958747389999999922e-02
1.613000000000000198e-02 3.492168350000000032e-01 1.842210609999999846e-02
1.646999999999999853e-02 3.214732129999999799e-01 1.757758560000000081e-02
1.680900000000000102e-02 3.246804999999999830e-01 1.773186839999999972e-02
1.714900000000000105e-02 3.019222579999999989e-01 1.649953440000000160e-02
1.748800000000000354e-02 2.846987229999999869e-01 1.582697900000000144e-02
1.782800000000000357e-02 2.609024640000000006e-01 1.535374769999999986e-02
1.816800000000000359e-02 2.654144709999999296e-01 1.517488869999999990e-02
1.850700000000000262e-02 2.348495170000000076e-01 1.421929910000000082e-02
1.884699999999999570e-02 2.292925460000000137e-01 1.375348810000000081e-02
1.918599999999999819e-02 1.880741609999999897e-01 1.267174540000000002e-02
1.952599999999999822e-02 2.256313009999999786e-01 1.330503490000000018e-02
1.986600000000000518e-02 2.146855449999999776e-01 1.310420300000000003e-02
2.020500000000000421e-02 2.083229749999999936e-01 1.284412490000000004e-02
2.054500000000000076e-02 2.072981560000000112e-01 1.256078639999999927e-02
2.088400000000000326e-02 2.044392379999999954e-01 1.242472439999999997e-02
2.122400000000000328e-02 1.716463400000000084e-01 1.123442250000000059e-02
2.156300000000000230e-02 1.738078630000000069e-01 1.103061640000000017e-02
2.190299999999999539e-02 1.629269919999999927e-01 1.080225760000000021e-02
2.224299999999999888e-02 1.490676870000000043e-01 1.022799010000000064e-02
2.258199999999999791e-02 1.550800720000000132e-01 1.050171239999999999e-02
2.292200000000000487e-02 1.449212129999999932e-01 1.012755469999999935e-02
2.326099999999999696e-02 1.379283849999999867e-01 9.728101779999999768e-03
2.436699999999999630e-02 1.277333029999999647e-01 4.008388059999999642e-03
2.519300000000000012e-02 1.070590020000000142e-01 3.636824060000000067e-03
2.601900000000000740e-02 9.502918150000000397e-02 3.363632960000000147e-03
2.684500000000000081e-02 8.814194329999999744e-02 3.264654679999999965e-03
2.767099999999999421e-02 8.232956510000000172e-02 3.071542740000000101e-03
2.849700000000000150e-02 7.608755129999998645e-02 2.860736799999999847e-03
2.932299999999999143e-02 7.552858990000001216e-02 2.823077570000000116e-03
3.014899999999999178e-02 6.967778820000000706e-02 2.619996229999999818e-03
3.097499999999999559e-02 5.719191539999998741e-02 2.494225310000000150e-03
3.180100000000000982e-02 5.818530250000000792e-02 2.380723370000000210e-03
3.262700000000000322e-02 5.731114720000000246e-02 2.332604910000000108e-03
3.345299999999998969e-02 4.914292040000001194e-02 2.180063270000000102e-03
3.427899999999999697e-02 4.891502299999999498e-02 2.072132549999999938e-03
3.510500000000000426e-02 4.209310769999999313e-02 2.002422130000000144e-03
3.593100000000000460e-02 3.941191299999999287e-02 1.858954909999999952e-03
3.675799999999999901e-02 3.842856760000000482e-02 1.853842149999999911e-03
3.758399999999999935e-02 3.916392080000000164e-02 1.844384820000000104e-03
3.840999999999999970e-02 3.268954799999999883e-02 1.663370080000000067e-03
3.923600000000000004e-02 2.896989410000000778e-02 1.603847229999999990e-03
4.006200000000000039e-02 2.586661979999999722e-02 1.469891600000000067e-03
4.088799999999999379e-02 2.466471530000000079e-02 1.457979010000000049e-03
4.171400000000000108e-02 2.513043220000000383e-02 1.469388789999999953e-03
4.254000000000000142e-02 2.390502119999999772e-02 1.353386330000000025e-03
4.336599999999999483e-02 2.258198649999999461e-02 1.345377750000000070e-03
4.419200000000000905e-02 2.266314889999999915e-02 1.326433309999999971e-03
4.501800000000000246e-02 2.071518589999999868e-02 1.287300010000000080e-03
4.584399999999999586e-02 2.043164140000000226e-02 1.234079519999999996e-03
4.666999999999999621e-02 1.920754640000000429e-02 1.209375699999999968e-03
4.749599999999998962e-02 1.680384190000000499e-02 1.140299599999999988e-03
4.832199999999999690e-02 1.543167690000000342e-02 1.108832880000000087e-03
4.914800000000000418e-02 1.265214809999999634e-02 9.811879529999999964e-04
4.997400000000000453e-02 1.411687579999999949e-02 1.053341150000000007e-03
5.080000000000000487e-02 1.337164129999999715e-02 1.018761620000000097e-03
5.162599999999998440e-02 1.146018720000000109e-02 9.591829610000000015e-04
5.245200000000000556e-02 1.198025410000000054e-02 9.370155519999999894e-04
5.327799999999999897e-02 1.048190970000000173e-02 8.977280599999999579e-04
5.410399999999998544e-02 9.510927930000002972e-03 8.465480300000000156e-04
5.492999999999999966e-02 9.287958650000002411e-03 8.635394990000000394e-04
5.575599999999999307e-02 1.054173229999999864e-02 8.465908879999999590e-04
5.658199999999999341e-02 9.932310070000003807e-03 8.692872929999999679e-04
5.740800000000000070e-02 9.583330810000002115e-03 7.942376729999999592e-04
5.823400000000000798e-02 8.054923469999999280e-03 7.824980249999999695e-04
5.906000000000000139e-02 7.292774519999996319e-03 7.845899530000000196e-04
5.988600000000000173e-02 7.760383049999997236e-03 7.496539360000000277e-04
6.071200000000001595e-02 6.706737049999999742e-03 7.298682750000000385e-04
6.153800000000000242e-02 7.664148390000003613e-03 7.258800409999999811e-04
6.236400000000000277e-02 5.244411650000001777e-03 6.790128229999999607e-04
6.318999999999999617e-02 5.695938950000000757e-03 6.877918989999999740e-04
6.401600000000000346e-02 4.694100390000001573e-03 6.381876240000000210e-04
6.484199999999998298e-02 4.909071410000001925e-03 6.220845850000000093e-04
6.566799999999999027e-02 5.170483149999998557e-03 6.280748029999999940e-04
6.649399999999998367e-02 4.626261280000001919e-03 5.855189999999999484e-04
6.732000000000000484e-02 5.894793260000000430e-03 6.430510729999999861e-04
6.814599999999998436e-02 3.834630709999999228e-03 5.982788420000000442e-04
6.897200000000001940e-02 4.053549150000000309e-03 6.245434059999999772e-04
6.979800000000001281e-02 3.953655349999998098e-03 6.167840029999999835e-04
7.062400000000002009e-02 3.278003950000000794e-03 5.936215289999999603e-04
7.144999999999998574e-02 4.493131089999999675e-03 5.987409129999999875e-04
7.227600000000002078e-02 4.680249489999999818e-03 5.834358779999999477e-04
7.310200000000001419e-02 3.502899980000001145e-03 5.607600589999999722e-04
7.392799999999997984e-02 4.347688819999999052e-03 5.656575489999999835e-04
7.475400000000000100e-02 2.190790399999999020e-03 5.362926229999999579e-04
7.557999999999998053e-02 3.489740999999998896e-03 5.217013489999999722e-04
7.640599999999998782e-02 3.574754109999998992e-03 5.498164470000000120e-04
7.723199999999998122e-02 3.017710330000001120e-03 5.261556050000000149e-04
7.805800000000001626e-02 3.369692360000000816e-03 5.320841430000000215e-04
7.888399999999999579e-02 3.144805979999999203e-03 5.035581510000000259e-04
7.971000000000001695e-02 3.050243709999999556e-03 5.125646539999999555e-04
8.053599999999998260e-02 2.733946920000000780e-03 4.808021269999999893e-04
8.136200000000001764e-02 2.770775110000000055e-03 4.610650320000000122e-04
8.218799999999998329e-02 2.735674279999999754e-03 5.155584329999999497e-04
8.301399999999999058e-02 1.578896680000000524e-03 4.906605949999999754e-04
8.384000000000001174e-02 2.776408740000000687e-03 4.726504370000000118e-04
8.466599999999999127e-02 2.664882350000000264e-03 4.860629570000000207e-04
8.549199999999999855e-02 2.694432950000001051e-03 4.838071720000000154e-04
8.631800000000001971e-02 2.617068240000001381e-03 4.898888290000000039e-04
8.714399999999999924e-02 2.503093849999999277e-03 4.958293790000000431e-04
8.797000000000002040e-02 1.815915120000000799e-03 4.849518609999999876e-04
8.879599999999999993e-02 2.355840850000000611e-03 4.938128849999999818e-04
8.962200000000000721e-02 1.440719350000000147e-03 4.885562460000000091e-04
9.044799999999998674e-02 2.133287880000000157e-03 4.937155500000000100e-04
9.127399999999999403e-02 2.022302330000000977e-03 4.858323679999999997e-04
9.210000000000000131e-02 2.715760539999999799e-03 4.829332810000000215e-04
9.292599999999999472e-02 2.970586590000000998e-03 4.945202559999999819e-04
9.375199999999998812e-02 1.653834909999999476e-03 4.480355680000000095e-04
9.457800000000000928e-02 2.580849810000000310e-03 4.995504140000000528e-04
9.540399999999998881e-02 2.861596580000000389e-03 4.908100860000000343e-04
9.622999999999999610e-02 1.459158629999999981e-03 4.729651219999999961e-04
9.705600000000001726e-02 2.031240160000000357e-03 5.066105070000000371e-04
9.788200000000001066e-02 3.104764569999998898e-03 4.739661670000000189e-04
9.870800000000003183e-02 1.702118519999999300e-03 4.728671049999999846e-04
9.953399999999999748e-02 2.044561730000000414e-03 4.540955950000000164e-04
1.003600000000000186e-01 1.933965740000000242e-03 4.709337520000000162e-04
1.011859999999999982e-01 1.833641129999999918e-03 4.641218179999999946e-04
1.020120000000000055e-01 2.410128279999998978e-03 4.616746869999999907e-04
1.028379999999999989e-01 1.078769569999999713e-03 4.700944030000000183e-04
1.036640000000000200e-01 1.150925160000000136e-03 4.604291649999999836e-04
1.044900000000000134e-01 1.562507320000000111e-03 4.591244570000000075e-04
1.053160000000000068e-01 9.974972849999999124e-04 4.607291689999999749e-04
1.061420000000000002e-01 1.930506999999999059e-03 4.351828920000000087e-04
1.069679999999999936e-01 9.002058130000001714e-04 4.160440410000000155e-04
1.077940000000000148e-01 1.636521670000000081e-03 4.614423719999999817e-04
1.086199999999999943e-01 9.928460120000003053e-04 4.103708570000000073e-04
1.094469999999999887e-01 1.195966819999999455e-03 4.637888269999999738e-04
1.102729999999999821e-01 1.226116390000000361e-03 4.432632099999999752e-04
1.110990000000000033e-01 1.721451039999999768e-03 4.683920509999999968e-04
1.119249999999999828e-01 1.170943110000000455e-03 4.485172319999999966e-04
1.127510000000000179e-01 7.162317419999997530e-04 4.398731670000000050e-04
1.135770000000000113e-01 1.673876149999999540e-03 4.603945409999999900e-04
1.144029999999999908e-01 1.102479110000000387e-03 4.143052509999999846e-04
1.152289999999999842e-01 9.507192840000004263e-04 4.206724739999999764e-04
1.160549999999999915e-01 2.103764620000000713e-03 4.048754780000000031e-04
1.168810000000000127e-01 1.639041229999999233e-03 4.282040260000000132e-04
1.177070000000000061e-01 1.170026910000000493e-03 4.082035989999999864e-04
1.185330000000000134e-01 1.125194100000000185e-03 4.005315379999999960e-04
1.193590000000000068e-01 1.285332830000000294e-03 4.006848609999999760e-04
1.201850000000000002e-01 1.023421909999999669e-03 3.946298489999999879e-04
1.210109999999999797e-01 1.184145250000000682e-03 3.987966960000000191e-04
1.218369999999999870e-01 6.477171799999999506e-04 4.128820750000000207e-04
1.226630000000000081e-01 1.117268039999999877e-03 3.805622269999999938e-04
1.234890000000000154e-01 1.252101690000000534e-03 3.746247810000000200e-04
1.243150000000000088e-01 9.309841930000001394e-04 3.951017169999999782e-04
1.251410000000000022e-01 4.302286180000000800e-04 3.830843049999999809e-04
1.259669999999999956e-01 1.373569039999999672e-03 3.738192329999999973e-04
1.267929999999999890e-01 1.045381880000000128e-03 4.150331280000000124e-04
1.276190000000000102e-01 9.208809159999999236e-04 3.664557139999999802e-04
1.284450000000000036e-01 9.451040629999997444e-04 3.653220769999999734e-04
1.292709999999999970e-01 1.367961810000000019e-03 3.923545009999999814e-04
1.300969999999999904e-01 4.740798200000002189e-04 3.683230890000000141e-04
1.309229999999999838e-01 1.189944360000000367e-03 3.931740379999999974e-04
1.317489999999999772e-01 8.510124389999997128e-04 3.626183770000000013e-04
1.325749999999999984e-01 1.053935229999999716e-03 3.500023160000000121e-04
1.334009999999999918e-01 7.716712359999997398e-04 3.640686819999999833e-04
1.342270000000000130e-01 1.068656550000000481e-03 3.472005460000000235e-04
1.350530000000000064e-01 1.226889180000000253e-03 3.644436549999999784e-04
1.358789999999999998e-01 1.199667810000000631e-03 3.781115790000000028e-04
1.367049999999999932e-01 1.249406549999999751e-03 3.608892689999999891e-04
1.375309999999999866e-01 1.339381790000000695e-03 3.699409090000000257e-04
1.383569999999999800e-01 8.867035479999999491e-04 3.399299099999999866e-04
1.391830000000000012e-01 7.003404709999998864e-04 3.341603489999999733e-04
1.400089999999999946e-01 7.148620619999997801e-04 3.208044190000000065e-04
1.408350000000000157e-01 9.906319860000002437e-04 3.657324549999999854e-04
1.416610000000000091e-01 8.093179889999998870e-04 3.573538809999999817e-04
1.424870000000000025e-01 5.615607399999998726e-04 3.484710650000000026e-04
1.433129999999999959e-01 3.389641509999999141e-04 3.384371979999999938e-04
1.441389999999999894e-01 1.017113399999999531e-03 3.430157740000000055e-04
1.449649999999999828e-01 9.322864920000002546e-04 3.330496260000000218e-04
1.457910000000000039e-01 6.871906099999996890e-04 3.344974580000000192e-04
1.474429999999999907e-01 7.816430699999996632e-04 3.310668779999999928e-04
1.482690000000000119e-01 1.864354339999999596e-04 3.215978209999999899e-04
