6.707000000000002023e-03 3.937124109999999844e-01 1.437585500000000127e-01
6.877000000000001168e-03 3.541172879999999745e-01 1.284968360000000032e-01
7.045999999999998445e-03 3.194097479999999933e-01 1.215327870000000032e-01
7.216000000000001059e-03 5.325099380000000160e-01 1.291035259999999962e-01
7.301000000000002800e-03 3.164368140000000107e-01 3.987057070000000342e-02
7.641000000000000222e-03 3.452346800000000160e-01 3.612889579999999795e-02
7.979999999999995777e-03 3.377559500000000270e-01 3.696900899999999712e-02
8.320000000000001006e-03 3.530657520000000105e-01 3.577252859999999896e-02
8.659000000000000030e-03 3.324988400000000177e-01 3.203401499999999902e-02
8.999000000000003524e-03 2.574792100000000139e-01 2.898466859999999923e-02
9.339000000000000079e-03 2.733273420000000287e-01 2.917846920000000122e-02
9.677999999999995634e-03 2.497357430000000378e-01 2.748399149999999902e-02
1.001800000000000260e-02 2.525265789999999733e-01 2.553945750000000126e-02
1.035700000000000162e-02 2.219207759999999863e-01 2.563076400000000032e-02
1.069699999999999818e-02 2.101117769999999996e-01 2.374850079999999905e-02
1.103600000000000241e-02 2.321521520000000005e-01 2.316296790000000119e-02
1.137600000000000243e-02 2.325467730000000399e-01 2.199985490000000085e-02
1.171599999999999898e-02 2.004044060000000349e-01 2.052117989999999864e-02
1.205500000000000148e-02 1.911688389999999793e-01 2.092880089999999901e-02
1.239499999999999803e-02 1.975737599999999872e-01 1.974665629999999839e-02
1.273399999999999879e-02 1.597110670000000121e-01 1.845940490000000031e-02
1.307400000000000055e-02 1.775293709999999914e-01 1.829723659999999905e-02
1.341399999999999884e-02 1.371759889999999982e-01 1.711309629999999832e-02
1.375299999999999613e-02 1.537836999999999954e-01 1.656572850000000152e-02
1.409299999999999962e-02 1.623317499999999969e-01 1.718560460000000123e-02
1.443199999999999691e-02 1.441825200000000362e-01 1.507650200000000031e-02
1.477199999999999694e-02 1.182221040000000084e-01 1.359304239999999976e-02
1.511100000000000290e-02 1.099761040000000051e-01 1.392014270000000060e-02
1.545099999999999772e-02 1.428925199999999951e-01 1.495037429999999945e-02
1.579099999999999948e-02 1.166126049999999803e-01 1.305153870000000035e-02
1.613000000000000198e-02 1.407509060000000090e-01 1.355635430000000016e-02
1.646999999999999853e-02 1.281975710000000102e-01 1.339769120000000070e-02
1.680900000000000102e-02 1.089499480000000048e-01 1.278639250000000033e-02
1.714900000000000105e-02 1.072259570000000106e-01 1.166229750000000003e-02
1.748800000000000354e-02 1.246759339999999883e-01 1.212852030000000081e-02
1.782800000000000357e-02 9.501904110000000681e-02 1.119308500000000019e-02
1.816800000000000359e-02 8.726413970000002074e-02 1.093489779999999925e-02
1.850700000000000262e-02 9.918419150000000462e-02 1.060662459999999960e-02
1.884699999999999570e-02 8.737831390000000420e-02 1.046082159999999969e-02
1.918599999999999819e-02 8.752472249999998510e-02 1.023699789999999929e-02
1.952599999999999822e-02 9.170117989999998498e-02 1.017848510000000060e-02
1.986600000000000518e-02 7.526876920000001581e-02 9.338855689999999918e-03
2.020500000000000421e-02 6.924950760000000982e-02 9.067662829999999924e-03
2.054500000000000076e-02 9.052191549999998033e-02 9.654652979999999232e-03
2.088400000000000326e-02 8.050667919999998645e-02 9.522848690000000269e-03
2.122400000000000328e-02 5.870610450000001562e-02 8.689523739999999857e-03
2.156300000000000230e-02 6.174559620000000942e-02 8.372689189999999240e-03
2.190299999999999539e-02 7.383524519999999647e-02 8.356712199999999716e-03
2.224299999999999888e-02 7.167721909999998087e-02 8.455869099999999139e-03
2.258199999999999791e-02 6.411572910000000458e-02 7.857306370000000789e-03
2.292200000000000487e-02 6.329845119999999437e-02 8.036067560000000401e-03
2.326099999999999696e-02 6.684327789999998382e-02 8.059861300000000298e-03
2.360099999999999698e-02 5.509816410000000636e-02 7.325101419999999718e-03
2.394100000000000394e-02 6.031757549999998413e-02 7.065167140000000109e-03
2.427999999999999950e-02 5.762082429999999117e-02 6.976598349999999990e-03
2.461999999999999605e-02 4.314679240000000165e-02 6.595214939999999998e-03
2.495899999999999508e-02 5.010080999999999563e-02 6.516244630000000114e-03
2.529899999999999857e-02 4.767507039999999141e-02 6.680001169999999835e-03
2.563799999999999760e-02 5.003913850000000357e-02 6.558451439999999841e-03
2.597800000000000456e-02 5.652769269999998597e-02 6.676627889999999996e-03
2.631800000000000458e-02 4.883590520000000851e-02 6.617735880000000410e-03
2.665699999999999667e-02 4.505708879999999888e-02 6.084686849999999814e-03
2.684500000000000081e-02 4.403493629999999381e-02 2.255412049999999842e-03
2.767099999999999421e-02 4.043226130000000806e-02 2.089090339999999987e-03
2.849700000000000150e-02 4.027183510000000022e-02 2.091090309999999938e-03
2.932299999999999143e-02 3.871056849999999355e-02 1.960678139999999861e-03
3.014899999999999178e-02 3.207548670000000268e-02 1.898750920000000057e-03
3.097499999999999559e-02 3.080254500000000062e-02 1.781282649999999922e-03
3.180100000000000982e-02 2.508438840000000447e-02 1.593225709999999962e-03
3.262700000000000322e-02 2.530009260000000773e-02 1.622678929999999981e-03
3.345299999999998969e-02 2.344947550000000755e-02 1.516195820000000105e-03
3.427899999999999697e-02 2.617589990000000408e-02 1.524598370000000095e-03
3.510500000000000426e-02 2.419767649999999756e-02 1.419550429999999908e-03
3.593100000000000460e-02 2.067727169999999948e-02 1.315674819999999943e-03
3.675799999999999901e-02 1.743403480000000130e-02 1.307751779999999928e-03
3.758399999999999935e-02 2.190679590000000135e-02 1.301281019999999972e-03
3.840999999999999970e-02 1.857865419999999920e-02 1.249685570000000053e-03
3.923600000000000004e-02 1.708458899999999725e-02 1.164878789999999930e-03
4.006200000000000039e-02 1.577773730000000055e-02 1.120661879999999963e-03
4.088799999999999379e-02 1.501345120000000324e-02 1.081668519999999913e-03
4.171400000000000108e-02 1.353167849999999811e-02 1.057935560000000013e-03
4.254000000000000142e-02 1.253805230000000145e-02 1.005499019999999896e-03
4.336599999999999483e-02 1.243896540000000162e-02 9.981610839999998947e-04
4.419200000000000905e-02 1.270356490000000040e-02 9.659270150000000450e-04
4.501800000000000246e-02 1.270470919999999899e-02 9.378600770000000133e-04
4.584399999999999586e-02 9.492156919999996181e-03 8.560527670000000209e-04
4.666999999999999621e-02 9.493456810000003646e-03 8.513610800000000287e-04
4.749599999999998962e-02 9.803894420000000554e-03 8.635967230000000418e-04
4.832199999999999690e-02 1.071500839999999649e-02 8.517635159999999541e-04
4.914800000000000418e-02 8.758968229999998870e-03 7.825373860000000084e-04
4.997400000000000453e-02 8.802350810000001552e-03 7.736514429999999474e-04
5.080000000000000487e-02 7.805886459999999624e-03 7.583733280000000019e-04
5.162599999999998440e-02 8.439794560000001694e-03 7.192404459999999578e-04
5.245200000000000556e-02 6.295531060000001539e-03 7.272563359999999763e-04
5.327799999999999897e-02 6.878128480000003132e-03 6.935793989999999723e-04
5.410399999999998544e-02 7.118703459999996958e-03 6.974041999999999525e-04
5.492999999999999966e-02 6.633442170000000866e-03 6.872274939999999761e-04
5.575599999999999307e-02 5.106836879999999967e-03 6.611823729999999864e-04
5.658199999999999341e-02 5.641049360000002441e-03 6.482618960000000171e-04
5.740800000000000070e-02 4.664643650000001307e-03 6.370483140000000226e-04
5.823400000000000798e-02 5.484586439999999605e-03 6.072060289999999926e-04
5.906000000000000139e-02 5.287215400000001495e-03 6.143074979999999874e-04
5.988600000000000173e-02 5.538327460000002506e-03 5.999256870000000330e-04
6.071200000000001595e-02 4.593544599999998222e-03 5.872327219999999657e-04
6.153800000000000242e-02 4.042426560000000370e-03 5.783284459999999761e-04
6.236400000000000277e-02 4.508867970000000197e-03 5.449844049999999929e-04
6.318999999999999617e-02 4.659792960000002510e-03 5.618534770000000074e-04
6.401600000000000346e-02 4.713505389999999087e-03 5.526254350000000528e-04
6.484199999999998298e-02 4.440718810000001716e-03 5.560636759999999876e-04
6.566799999999999027e-02 4.215657430000001142e-03 5.513022000000000018e-04
6.649399999999998367e-02 3.904388489999998865e-03 5.114399740000000454e-04
6.732000000000000484e-02 3.672511880000000652e-03 5.235404889999999622e-04
6.814599999999998436e-02 2.704982859999999472e-03 5.044105599999999887e-04
6.897200000000001940e-02 2.953020029999999657e-03 5.322230809999999642e-04
6.979800000000001281e-02 3.606601700000000316e-03 5.039288800000000113e-04
7.062400000000002009e-02 3.567843710000001296e-03 4.947253250000000066e-04
7.144999999999998574e-02 3.099070110000001071e-03 4.922356800000000400e-04
7.227600000000002078e-02 2.960930129999999119e-03 4.731925299999999884e-04
7.310200000000001419e-02 2.436493200000000147e-03 4.841457170000000153e-04
7.392799999999997984e-02 3.721997839999999572e-03 4.854533189999999743e-04
7.475400000000000100e-02 2.972503379999998953e-03 4.814129599999999770e-04
7.557999999999998053e-02 2.815272450000000544e-03 4.491289930000000167e-04
7.640599999999998782e-02 2.899473889999999113e-03 4.639657229999999779e-04
7.723199999999998122e-02 2.199402910000000742e-03 4.424023920000000028e-04
7.805800000000001626e-02 2.262027399999999057e-03 4.594639989999999810e-04
7.888399999999999579e-02 1.779482889999999679e-03 4.257662329999999931e-04
7.971000000000001695e-02 1.803304620000000056e-03 4.288885549999999955e-04
8.053599999999998260e-02 2.615543230000000070e-03 4.441525649999999775e-04
8.136200000000001764e-02 2.354645249999999263e-03 4.150296840000000046e-04
8.218799999999998329e-02 2.012192489999999664e-03 4.318949389999999838e-04
8.301399999999999058e-02 2.327823169999999886e-03 4.144672990000000125e-04
8.384000000000001174e-02 2.196294440000000521e-03 4.221568320000000109e-04
8.466599999999999127e-02 2.425520089999999660e-03 4.273823980000000041e-04
8.549199999999999855e-02 1.539676909999999422e-03 4.246506890000000065e-04
8.631800000000001971e-02 1.971715369999999575e-03 4.083621809999999860e-04
8.714399999999999924e-02 1.839503139999999802e-03 4.061969009999999761e-04
8.797000000000002040e-02 2.228099779999999797e-03 4.330678549999999777e-04
8.879599999999999993e-02 1.352157790000000194e-03 4.149510269999999923e-04
8.962200000000000721e-02 1.786497499999999041e-03 4.118233130000000138e-04
9.044799999999998674e-02 1.599426360000000226e-03 3.930300679999999955e-04
9.127399999999999403e-02 1.984841700000000014e-03 4.106394999999999772e-04
9.210000000000000131e-02 1.863032809999999291e-03 3.965155489999999824e-04
9.292599999999999472e-02 2.319407070000000046e-03 4.269847029999999997e-04
9.375199999999998812e-02 1.468602339999999784e-03 4.090721579999999813e-04
9.457800000000000928e-02 2.620446779999998851e-03 4.229237460000000171e-04
9.540399999999998881e-02 1.643049049999999959e-03 4.137797289999999842e-04
9.622999999999999610e-02 1.004240269999999565e-03 3.993433519999999774e-04
9.705600000000001726e-02 1.470738389999999606e-03 4.347800039999999921e-04
9.788200000000001066e-02 1.743210580000000530e-03 4.071899829999999962e-04
9.870800000000003183e-02 1.127777320000000402e-03 3.828348079999999978e-04
9.953399999999999748e-02 2.411194100000001086e-03 3.837554379999999856e-04
1.003600000000000186e-01 1.304449089999999917e-03 4.138028830000000020e-04
1.011859999999999982e-01 1.505799980000000361e-03 4.020593690000000102e-04
1.020120000000000055e-01 4.537042599999998606e-04 4.014331189999999889e-04
1.028379999999999989e-01 1.507361380000000681e-03 3.948399739999999760e-04
1.036640000000000200e-01 2.100959060000000093e-03 4.188799879999999948e-04
1.044900000000000134e-01 1.235502839999999764e-03 4.006999469999999769e-04
1.053160000000000068e-01 1.461593900000000487e-03 3.656164820000000026e-04
1.061420000000000002e-01 1.502738960000000274e-03 3.819358649999999807e-04
1.069679999999999936e-01 1.985918870000000138e-03 4.168506599999999870e-04
1.077940000000000148e-01 1.651659210000000445e-03 3.854896160000000137e-04
1.086199999999999943e-01 1.354510179999999673e-03 3.750221120000000151e-04
1.094469999999999887e-01 9.218890999999997723e-04 3.936833040000000099e-04
1.102729999999999821e-01 1.134870219999999834e-03 3.786657650000000135e-04
1.110990000000000033e-01 1.343705109999999720e-03 3.679011959999999894e-04
1.119249999999999828e-01 7.149484319999997641e-04 3.780955349999999809e-04
1.127510000000000179e-01 1.298735669999999788e-03 3.884608030000000212e-04
1.135770000000000113e-01 1.279132870000000742e-03 3.649612089999999961e-04
1.144029999999999908e-01 1.074669569999999559e-03 3.821253129999999739e-04
1.152289999999999842e-01 9.254724319999996750e-04 3.719106389999999760e-04
1.160549999999999915e-01 9.710323420000001879e-04 3.598615680000000097e-04
1.168810000000000127e-01 1.030209220000000018e-03 3.713573849999999817e-04
1.177070000000000061e-01 8.179917819999998115e-04 3.518502939999999780e-04
1.185330000000000134e-01 1.331262549999999477e-03 3.472605690000000089e-04
1.193590000000000068e-01 9.081432409999998321e-04 3.279980470000000013e-04
1.201850000000000002e-01 1.706251070000000362e-03 3.404339419999999881e-04
1.210109999999999797e-01 1.325208669999999953e-03 3.258931679999999844e-04
1.218369999999999870e-01 1.260653389999999343e-03 3.111755889999999925e-04
1.226630000000000081e-01 1.791549560000000501e-03 3.219842240000000120e-04
1.234890000000000154e-01 1.702823250000000312e-03 3.435406290000000149e-04
1.243150000000000088e-01 1.312103389999999753e-03 3.323538170000000093e-04
1.251410000000000022e-01 8.056678450000001298e-04 3.275052870000000078e-04
1.259669999999999956e-01 9.708589910000004928e-04 3.232843619999999801e-04
1.267929999999999890e-01 9.960262570000001734e-04 3.213114360000000067e-04
1.276190000000000102e-01 6.350204650000001224e-04 3.199248749999999953e-04
1.284450000000000036e-01 1.046234660000000235e-03 3.147683839999999757e-04
1.292709999999999970e-01 1.271310789999999550e-03 3.280959560000000106e-04
1.300969999999999904e-01 7.784558800000004409e-04 3.316171560000000067e-04
1.309229999999999838e-01 6.868989159999998317e-04 3.168028190000000141e-04
1.317489999999999772e-01 1.561555420000000551e-03 3.203957430000000241e-04
1.325749999999999984e-01 1.258274060000000392e-03 3.085008290000000120e-04
1.334009999999999918e-01 1.251334820000000406e-03 3.255913650000000258e-04
1.342270000000000130e-01 5.069795149999997436e-04 3.027885379999999799e-04
1.350530000000000064e-01 8.028571840000002686e-04 3.061437019999999998e-04
1.358789999999999998e-01 8.725072760000003201e-04 3.044888800000000099e-04
1.367049999999999932e-01 1.111609410000000261e-03 3.145748160000000197e-04
1.375309999999999866e-01 1.034524509999999904e-03 3.085535360000000115e-04
1.383569999999999800e-01 9.454232250000001083e-04 2.978490809999999886e-04
1.391830000000000012e-01 5.674622969999998118e-04 2.919325550000000146e-04
1.400089999999999946e-01 1.253309139999999851e-03 3.117256860000000248e-04
1.408350000000000157e-01 5.792365980000002213e-04 2.888753410000000077e-04
1.416610000000000091e-01 1.062491980000000030e-03 3.029654439999999982e-04
1.424870000000000025e-01 1.029901769999999909e-03 2.930608920000000030e-04
1.433129999999999959e-01 7.344793209999997061e-04 2.984913820000000039e-04
1.441389999999999894e-01 6.737628109999996371e-04 2.948407390000000179e-04
1.449649999999999828e-01 2.270685090000000279e-04 2.932080119999999949e-04
1.457910000000000039e-01 4.422029530000000331e-04 2.817980569999999768e-04
1.466169999999999973e-01 2.370869700000000947e-04 2.887836199999999922e-04
1.474429999999999907e-01 6.598084530000001505e-04 2.865585180000000069e-04
1.482690000000000119e-01 6.436401270000001538e-04 2.866686879999999753e-04
1.490950000000000053e-01 1.061206239999999560e-03 2.916979399999999802e-04
1.499210000000000265e-01 7.945653019999996671e-04 2.963193869999999918e-04
1.507469999999999921e-01 5.517438679999998310e-04 2.811900769999999732e-04
1.515730000000000133e-01 2.777847120000001319e-04 2.817615120000000156e-04
1.523990000000000344e-01 5.127195259999999801e-04 2.905118040000000102e-04
1.532249999999999723e-01 1.013587680000000357e-03 2.739903559999999844e-04
1.540509999999999935e-01 5.384316430000000552e-04 2.928856139999999847e-04
