3.311000000000000575e-03 7.120879479999999706e-01 5.608230339999999980e-01
3.481000000000000587e-03 6.034282960000000307e-01 4.173811530000000047e-01
3.650999999999999732e-03 4.473484320000000181e-01 3.722190280000000073e-01
3.820000000000001346e-03 2.679297609999999885e-01 3.184418090000000201e-01
3.990000000000001358e-03 5.645310959999999545e-01 2.885782069999999755e-01
4.160000000000000503e-03 1.136909280000000022e+00 2.800503120000000234e-01
4.330000000000001383e-03 3.755670810000000248e-01 2.540551220000000221e-01
4.498999999999999527e-03 7.472362550000000159e-01 2.243302470000000104e-01
4.668999999999997805e-03 6.367757490000000020e-01 2.313806489999999938e-01
4.839000000000002154e-03 5.545531519999999936e-01 2.228533920000000113e-01
5.009000000000003033e-03 5.279168890000000003e-01 1.902296019999999976e-01
5.178999999999999576e-03 6.327656619999999510e-01 1.932423739999999945e-01
5.347999999999998588e-03 7.152895489999999690e-01 1.754142989999999958e-01
5.518000000000000335e-03 3.135956890000000108e-01 1.504242339999999900e-01
5.688000000000000347e-03 6.008981650000000396e-01 1.610073529999999919e-01
5.858000000000001227e-03 4.441156849999999823e-01 1.645244070000000114e-01
6.282000000000002859e-03 6.450736959999999742e-01 5.587403159999999869e-02
6.622000000000002017e-03 5.631892050000000260e-01 4.718233589999999700e-02
6.961000000000001041e-03 6.134182000000000246e-01 4.461578129999999726e-02
7.301000000000002800e-03 5.988776199999999994e-01 4.133445520000000178e-02
7.641000000000000222e-03 4.408613470000000145e-01 3.698936640000000109e-02
7.979999999999995777e-03 4.834996269999999874e-01 3.657603870000000063e-02
8.320000000000001006e-03 4.687912180000000095e-01 3.393628159999999977e-02
8.659000000000000030e-03 4.385320209999999941e-01 3.206465790000000149e-02
8.999000000000003524e-03 4.276539080000000270e-01 2.968436669999999916e-02
9.339000000000000079e-03 3.240703690000000248e-01 2.821048829999999938e-02
9.677999999999995634e-03 3.883466010000000135e-01 2.805586549999999901e-02
1.001800000000000260e-02 3.355409879999999845e-01 2.529493929999999946e-02
1.035700000000000162e-02 3.577954469999999887e-01 2.546938589999999877e-02
1.069699999999999818e-02 3.207472470000000131e-01 2.455169680000000160e-02
1.103600000000000241e-02 2.788731560000000109e-01 2.172328089999999920e-02
1.137600000000000243e-02 3.177032590000000156e-01 2.158553029999999914e-02
1.171599999999999898e-02 2.699965610000000238e-01 2.045949299999999874e-02
1.205500000000000148e-02 2.725914309999999952e-01 1.940812219999999907e-02
1.239499999999999803e-02 2.663927589999999790e-01 1.982619700000000026e-02
1.273399999999999879e-02 2.127952089999999852e-01 1.717798280000000163e-02
1.307400000000000055e-02 2.459189779999999825e-01 1.768664539999999924e-02
1.341399999999999884e-02 2.100082470000000090e-01 1.691827879999999867e-02
1.375299999999999613e-02 2.163276010000000082e-01 1.620909530000000029e-02
1.409299999999999962e-02 1.991515149999999734e-01 1.528513960000000074e-02
1.443199999999999691e-02 1.987046629999999758e-01 1.533768729999999969e-02
1.477199999999999694e-02 1.972291029999999890e-01 1.506309649999999951e-02
1.511100000000000290e-02 1.808858670000000057e-01 1.457461569999999977e-02
1.545099999999999772e-02 1.751981870000000052e-01 1.420535149999999948e-02
1.579099999999999948e-02 1.778818219999999950e-01 1.340348220000000048e-02
1.613000000000000198e-02 1.632951499999999723e-01 1.300885390000000065e-02
1.646999999999999853e-02 1.545563640000000294e-01 1.276885510000000043e-02
1.680900000000000102e-02 1.528084919999999902e-01 1.233924840000000071e-02
1.714900000000000105e-02 1.294644960000000122e-01 1.105357849999999940e-02
1.748800000000000354e-02 1.191485469999999935e-01 1.067728169999999921e-02
1.782800000000000357e-02 1.345349379999999928e-01 1.120327339999999984e-02
1.816800000000000359e-02 1.174601609999999796e-01 1.043907070000000062e-02
1.850700000000000262e-02 1.115490050000000205e-01 9.689223889999999326e-03
1.884699999999999570e-02 1.343319040000000020e-01 1.059097749999999942e-02
1.918599999999999819e-02 1.111379409999999901e-01 9.678843819999999668e-03
1.952599999999999822e-02 1.057476789999999833e-01 9.591581689999999910e-03
1.986600000000000518e-02 1.194699330000000143e-01 9.813184189999999210e-03
2.020500000000000421e-02 1.091301180000000121e-01 9.130282150000000249e-03
2.054500000000000076e-02 1.041427949999999963e-01 8.933554879999999754e-03
2.088400000000000326e-02 1.105205159999999992e-01 9.272129520000000139e-03
2.122400000000000328e-02 9.502573829999999555e-02 8.535442920000000516e-03
2.156300000000000230e-02 8.776252270000001188e-02 8.263223349999999565e-03
2.190299999999999539e-02 8.071175289999998892e-02 7.824460269999999884e-03
2.224299999999999888e-02 7.759830099999998065e-02 7.609175979999999694e-03
2.258199999999999791e-02 6.507868129999998252e-02 7.283347909999999745e-03
2.292200000000000487e-02 9.707529400000003417e-02 8.116463929999999730e-03
2.326099999999999696e-02 7.822381709999999544e-02 7.541353829999999925e-03
2.360099999999999698e-02 8.074442900000000645e-02 7.462462970000000029e-03
2.394100000000000394e-02 7.497424110000000530e-02 7.323405919999999639e-03
2.427999999999999950e-02 8.267139499999998087e-02 7.446135559999999924e-03
2.436699999999999630e-02 6.305475239999999704e-02 2.946940690000000168e-03
2.519300000000000012e-02 6.123996319999999716e-02 2.916236049999999802e-03
2.601900000000000740e-02 5.742562989999999701e-02 2.720130109999999851e-03
2.684500000000000081e-02 5.493577379999999705e-02 2.692816690000000065e-03
2.767099999999999421e-02 5.070287399999998806e-02 2.491696199999999910e-03
2.849700000000000150e-02 4.449541069999999460e-02 2.327550009999999805e-03
2.932299999999999143e-02 4.549496599999999086e-02 2.258581190000000065e-03
3.014899999999999178e-02 3.695935090000000006e-02 2.044743930000000095e-03
3.097499999999999559e-02 3.523965739999999208e-02 1.997173589999999901e-03
3.180100000000000982e-02 3.130168129999999493e-02 1.915311179999999985e-03
3.262700000000000322e-02 3.171211369999999558e-02 1.800754259999999942e-03
3.345299999999998969e-02 2.592788310000000013e-02 1.674762939999999926e-03
3.427899999999999697e-02 2.757011090000000345e-02 1.684007020000000089e-03
3.510500000000000426e-02 2.326609080000000343e-02 1.595261599999999932e-03
3.593100000000000460e-02 2.208821540000000666e-02 1.514046989999999959e-03
3.675799999999999901e-02 1.931661529999999585e-02 1.385331529999999896e-03
3.758399999999999935e-02 1.932239330000000074e-02 1.354981139999999985e-03
3.840999999999999970e-02 1.851695559999999574e-02 1.332992299999999960e-03
3.923600000000000004e-02 1.708835360000000164e-02 1.289229760000000025e-03
4.006200000000000039e-02 1.689804899999999832e-02 1.235156810000000074e-03
4.088799999999999379e-02 1.216907660000000370e-02 1.110966990000000071e-03
4.171400000000000108e-02 1.384595749999999875e-02 1.152566189999999942e-03
4.254000000000000142e-02 1.179919590000000178e-02 1.131811689999999990e-03
4.336599999999999483e-02 1.242782329999999984e-02 1.095716750000000090e-03
4.419200000000000905e-02 1.228518330000000387e-02 1.052092720000000073e-03
4.501800000000000246e-02 9.638025049999998650e-03 9.870898919999999271e-04
4.584399999999999586e-02 7.812308499999999316e-03 9.065551359999999680e-04
4.666999999999999621e-02 8.159962769999999296e-03 9.527613339999999606e-04
4.749599999999998962e-02 8.868504049999998209e-03 8.950203090000000182e-04
4.832199999999999690e-02 9.476187970000000960e-03 8.909764999999999829e-04
4.914800000000000418e-02 7.560805979999998989e-03 8.407025229999999993e-04
4.997400000000000453e-02 7.618656490000000336e-03 8.210627649999999861e-04
5.080000000000000487e-02 5.855765499999999492e-03 8.267234550000000445e-04
5.162599999999998440e-02 5.551852090000000857e-03 7.680617530000000311e-04
5.245200000000000556e-02 5.694614839999998998e-03 7.450823869999999641e-04
5.327799999999999897e-02 5.515076899999997971e-03 7.549895879999999997e-04
5.410399999999998544e-02 6.306609080000001762e-03 7.547642070000000394e-04
5.492999999999999966e-02 5.145620540000001367e-03 7.290208430000000295e-04
5.575599999999999307e-02 4.532975230000001535e-03 7.103817120000000289e-04
5.658199999999999341e-02 4.933435029999998049e-03 7.067693960000000393e-04
5.740800000000000070e-02 3.995013180000001399e-03 6.728624240000000232e-04
5.823400000000000798e-02 4.575825569999999835e-03 6.612771509999999841e-04
5.906000000000000139e-02 3.550816329999998289e-03 6.878130109999999655e-04
5.988600000000000173e-02 3.936213960000001406e-03 6.315168799999999966e-04
6.071200000000001595e-02 3.564800439999999456e-03 6.129866479999999474e-04
6.153800000000000242e-02 4.146755070000001688e-03 6.262089479999999580e-04
6.236400000000000277e-02 3.559881460000001181e-03 5.975057719999999706e-04
6.318999999999999617e-02 3.212375990000001201e-03 6.216827689999999918e-04
6.401600000000000346e-02 2.197613240000000946e-03 5.802958560000000352e-04
6.484199999999998298e-02 2.800956479999999228e-03 5.504809339999999556e-04
6.566799999999999027e-02 3.611929190000001677e-03 5.447536899999999875e-04
6.649399999999998367e-02 2.076163769999999752e-03 5.613762929999999542e-04
6.732000000000000484e-02 2.662613780000001092e-03 5.544192880000000474e-04
6.814599999999998436e-02 1.931536100000000224e-03 5.075834670000000130e-04
6.897200000000001940e-02 2.052118799999999750e-03 5.391441919999999648e-04
6.979800000000001281e-02 2.258837999999999558e-03 5.537990909999999630e-04
7.062400000000002009e-02 2.818202949999998926e-03 5.366155099999999657e-04
7.144999999999998574e-02 1.904444309999999557e-03 4.982067009999999706e-04
7.227600000000002078e-02 1.704202889999999410e-03 5.451622240000000494e-04
7.310200000000001419e-02 1.338687230000000028e-03 4.850948880000000170e-04
7.392799999999997984e-02 2.142267590000000894e-03 4.867541079999999974e-04
7.475400000000000100e-02 1.982981190000000088e-03 4.706295659999999844e-04
7.557999999999998053e-02 1.329549980000000386e-03 5.078286650000000436e-04
7.640599999999998782e-02 1.611953189999999845e-03 4.803929959999999819e-04
7.723199999999998122e-02 1.049291059999999699e-03 5.146648780000000331e-04
7.805800000000001626e-02 1.681261979999999637e-03 4.602949779999999762e-04
7.888399999999999579e-02 8.808953570000002285e-04 4.514191470000000045e-04
7.971000000000001695e-02 1.207648669999999242e-03 4.403649180000000188e-04
8.053599999999998260e-02 1.467992099999999812e-03 4.545370850000000147e-04
8.136200000000001764e-02 1.574734510000000507e-03 4.862317389999999749e-04
8.218799999999998329e-02 1.496354639999999264e-03 4.292930970000000167e-04
8.301399999999999058e-02 8.461434949999996954e-04 4.519860760000000001e-04
8.384000000000001174e-02 1.888565730000000805e-03 4.664449460000000096e-04
8.466599999999999127e-02 1.833619350000000210e-03 4.552840889999999969e-04
8.549199999999999855e-02 1.264222140000000267e-03 4.755335240000000091e-04
8.631800000000001971e-02 7.310525370000001784e-04 4.400853780000000062e-04
8.714399999999999924e-02 3.221481100000001224e-04 4.318317829999999947e-04
8.797000000000002040e-02 3.396450620000000418e-04 4.617219269999999886e-04
8.879599999999999993e-02 1.325015300000000236e-03 4.623243199999999822e-04
8.962200000000000721e-02 8.198900090000002744e-04 4.367644309999999799e-04
9.044799999999998674e-02 1.388045410000000174e-03 4.694097270000000270e-04
9.127399999999999403e-02 1.761422999999999375e-03 4.599145160000000132e-04
9.210000000000000131e-02 9.442257880000004631e-04 4.495715300000000057e-04
9.292599999999999472e-02 1.194497120000000048e-03 4.602482099999999896e-04
9.375199999999998812e-02 1.001108959999999970e-03 4.458675079999999949e-04
9.457800000000000928e-02 4.305114039999999699e-04 4.370079300000000232e-04
9.622999999999999610e-02 1.067602689999999806e-03 4.459977860000000093e-04
9.705600000000001726e-02 1.149760259999999933e-03 4.186560490000000188e-04
9.788200000000001066e-02 9.311095030000004352e-04 4.484025780000000017e-04
9.870800000000003183e-02 1.269679190000000011e-03 4.258352040000000028e-04
9.953399999999999748e-02 9.535083209999997396e-04 4.484551980000000236e-04
1.003600000000000186e-01 2.775854450000001254e-04 4.373722089999999775e-04
1.011859999999999982e-01 7.766414160000002960e-04 4.297966840000000074e-04
1.020120000000000055e-01 8.267917739999998405e-04 4.205844980000000128e-04
1.028379999999999989e-01 8.533615330000000020e-04 4.050823469999999911e-04
1.036640000000000200e-01 5.571925520000000449e-04 4.004868440000000163e-04
1.044900000000000134e-01 5.678771229999999941e-04 4.115829230000000159e-04
1.053160000000000068e-01 7.046890529999999932e-04 4.161118480000000142e-04
1.061420000000000002e-01 2.311931529999999651e-04 4.022936609999999799e-04
1.069679999999999936e-01 6.527182749999997083e-04 4.043792489999999931e-04
1.077940000000000148e-01 3.915013140000000373e-04 3.800232229999999799e-04
1.086199999999999943e-01 1.246476989999999781e-03 4.298707420000000192e-04
1.094469999999999887e-01 3.662292859999998124e-04 4.022538360000000061e-04
1.102729999999999821e-01 6.895499270000000035e-04 4.360492520000000083e-04
1.110990000000000033e-01 4.675319929999998065e-04 4.170879709999999823e-04
1.119249999999999828e-01 3.673560290000001528e-04 4.308417710000000131e-04
1.127510000000000179e-01 9.607040699999995265e-05 4.320896329999999942e-04
1.135770000000000113e-01 9.584788170000000090e-04 3.889655629999999868e-04
1.144029999999999908e-01 1.017492450000000419e-03 4.253308950000000239e-04
1.160549999999999915e-01 2.051242660000000720e-04 3.782207640000000040e-04
1.168810000000000127e-01 2.912693799999998699e-04 3.961511069999999746e-04
1.177070000000000061e-01 1.200719540000000059e-03 3.876114310000000119e-04
1.193590000000000068e-01 7.584638810000000767e-04 3.838231030000000096e-04
1.201850000000000002e-01 8.598558119999999807e-04 3.683452950000000252e-04
1.210109999999999797e-01 3.676082269999999684e-04 3.503102909999999742e-04
1.218369999999999870e-01 9.258519050000003914e-04 3.694461009999999756e-04
1.234890000000000154e-01 1.531654129999999504e-04 3.508966689999999927e-04
1.243150000000000088e-01 6.570833210000001645e-04 3.677430540000000206e-04
1.251410000000000022e-01 7.624161370000002384e-04 3.703696470000000210e-04
1.259669999999999956e-01 3.746231239999998647e-04 3.573038699999999974e-04
1.276190000000000102e-01 7.598511470000001442e-04 3.623797200000000176e-04
1.284450000000000036e-01 2.372454760000000727e-04 3.453450470000000235e-04
1.292709999999999970e-01 6.838218859999998589e-04 3.484933120000000125e-04
1.309229999999999838e-01 4.281829600000001089e-04 3.483425619999999971e-04
1.317489999999999772e-01 5.842889660000002332e-04 3.650168120000000247e-04
1.325749999999999984e-01 8.453962800000001769e-04 3.622944240000000246e-04
1.334009999999999918e-01 6.751122709999999574e-04 3.476866760000000005e-04
1.342270000000000130e-01 7.483266930000002709e-04 3.346276769999999984e-04
1.350530000000000064e-01 7.394690900000000511e-04 3.742216099999999958e-04
1.358789999999999998e-01 1.684479309999999477e-04 3.433472510000000043e-04
1.367049999999999932e-01 4.679013390000002224e-04 3.338933030000000189e-04
1.375309999999999866e-01 7.972690440000000135e-04 3.409740940000000227e-04
1.383569999999999800e-01 2.091027440000000812e-04 3.378581009999999927e-04
1.391830000000000012e-01 5.514419330000001288e-04 3.276575460000000109e-04
1.400089999999999946e-01 5.767436059999996424e-04 3.170772949999999869e-04
1.408350000000000157e-01 1.608800989999999208e-04 3.400052589999999898e-04
1.416610000000000091e-01 4.704389020000002424e-04 3.123068529999999945e-04
1.424870000000000025e-01 2.242450110000000427e-04 3.213618159999999803e-04
1.433129999999999959e-01 2.163503679999999936e-04 3.221058449999999779e-04
1.441389999999999894e-01 7.207477459999999357e-04 3.295830080000000141e-04
1.449649999999999828e-01 4.690504549999999608e-04 3.172157390000000061e-04
1.457910000000000039e-01 4.330016809999998506e-04 3.214744019999999985e-04
1.466169999999999973e-01 4.897271760000001866e-04 3.046535800000000119e-04
1.474429999999999907e-01 3.326856809999999796e-04 3.322429920000000017e-04
1.482690000000000119e-01 1.471953209999999940e-04 3.256412290000000012e-04
1.507469999999999921e-01 5.623270639999997968e-04 2.988311659999999862e-04
1.515730000000000133e-01 6.415345790000000995e-04 3.353280379999999824e-04
1.523990000000000344e-01 7.210997229999997152e-04 3.125070309999999929e-04
1.540509999999999935e-01 2.850688070000000031e-04 2.994513849999999827e-04
1.548769999999999869e-01 5.880993319999998879e-04 3.074249440000000120e-04
1.557029999999999803e-01 2.866923099999999121e-04 3.273616030000000014e-04
1.565290000000000015e-01 9.587180259999990609e-05 3.078092949999999936e-04
1.573549999999999949e-01 1.480599589999999253e-05 2.973210400000000247e-04
1.581809999999999883e-01 4.566814190000000745e-04 3.069605449999999926e-04
1.590070000000000094e-01 7.483669079999997163e-04 2.975266310000000236e-04
1.598330000000000028e-01 5.508967259999999642e-04 2.852024370000000135e-04
1.606589999999999963e-01 4.937264830000004915e-05 2.920113390000000073e-04
1.623110000000000386e-01 4.446677169999997811e-04 3.007356969999999794e-04
1.639629999999999976e-01 7.572986149999997099e-04 2.907304890000000008e-04
1.647889999999999633e-01 3.819174269999999296e-04 3.136217829999999999e-04
1.656150000000000122e-01 5.446742699999997713e-04 2.727547869999999972e-04
1.664410000000000334e-01 5.390991929999996318e-05 3.210109320000000075e-04
1.672669999999999990e-01 2.330753770000000796e-04 3.016515849999999960e-04
1.680930000000000202e-01 8.413362849999994402e-05 2.816968230000000263e-04
1.697450000000000347e-01 4.038640680000001428e-04 2.736896199999999907e-04
1.713969999999999938e-01 5.798958850000002349e-04 3.008362099999999919e-04
1.722230000000000150e-01 1.007918269999999932e-04 2.949129820000000179e-04
1.730490000000000084e-01 5.930473030000000655e-04 2.869492729999999865e-04
1.738749999999999740e-01 2.487269630000001129e-04 2.903221589999999911e-04
1.747009999999999952e-01 6.633667220000001282e-04 2.895287840000000082e-04
1.763530000000000098e-01 2.328243470000000963e-04 2.842507720000000027e-04
1.771790000000000032e-01 4.364915230000001927e-04 2.733099939999999940e-04
1.780050000000000243e-01 5.974443929999997656e-04 3.008312230000000239e-04
1.804829999999999768e-01 1.260791559999999969e-04 2.824673660000000057e-04
1.813089999999999979e-01 1.125816979999999740e-04 2.893926160000000018e-04
1.829619999999999858e-01 2.708760690000000223e-04 2.827975510000000172e-04
1.837880000000000069e-01 8.852400919999998236e-05 2.770607270000000023e-04
