3.311000000000000575e-03 9.348438730000000474e-01 5.184114250000000368e-01
3.481000000000000587e-03 9.221556400000000542e-01 3.930328570000000132e-01
3.650999999999999732e-03 3.117013510000000154e-01 3.363039409999999951e-01
3.820000000000001346e-03 4.744415450000000201e-01 3.016778130000000169e-01
3.990000000000001358e-03 7.930091190000000401e-01 2.747021080000000004e-01
4.160000000000000503e-03 1.438920380000000110e+00 2.644675089999999895e-01
4.330000000000001383e-03 5.309669200000000089e-01 2.378491060000000046e-01
4.498999999999999527e-03 8.797003220000000345e-01 2.114312060000000104e-01
4.668999999999997805e-03 4.968484120000000170e-01 2.012572940000000032e-01
4.839000000000002154e-03 5.076038210000000106e-01 1.998981509999999961e-01
5.009000000000003033e-03 7.825698020000000366e-01 1.853802830000000068e-01
5.178999999999999576e-03 6.174433190000000460e-01 1.718880429999999904e-01
5.347999999999998588e-03 8.929274419999999601e-01 1.662553119999999884e-01
5.518000000000000335e-03 6.903435220000000427e-01 1.578444019999999948e-01
5.688000000000000347e-03 5.590534280000000189e-01 1.415212839999999972e-01
5.858000000000001227e-03 5.270948309999999859e-01 1.527870530000000060e-01
5.943000000000002968e-03 7.593981140000000130e-01 6.816089590000000420e-02
6.282000000000002859e-03 6.323734840000000412e-01 5.500665989999999755e-02
6.622000000000002017e-03 5.476440519999999923e-01 4.677274230000000310e-02
6.961000000000001041e-03 5.040770209999999585e-01 4.178638519999999801e-02
7.301000000000002800e-03 5.023450999999999889e-01 3.843228690000000114e-02
7.641000000000000222e-03 4.620485280000000139e-01 3.739523950000000346e-02
7.979999999999995777e-03 4.444871919999999754e-01 3.558770690000000181e-02
8.320000000000001006e-03 5.147604879999999605e-01 3.492206190000000238e-02
8.659000000000000030e-03 5.357850650000000048e-01 3.446320409999999862e-02
8.999000000000003524e-03 5.353884420000000199e-01 3.250136640000000215e-02
9.339000000000000079e-03 4.100880789999999942e-01 3.053787009999999955e-02
9.677999999999995634e-03 3.513118880000000166e-01 2.686399849999999978e-02
1.001800000000000260e-02 3.689318409999999826e-01 2.614998909999999982e-02
1.035700000000000162e-02 3.745451539999999913e-01 2.571502670000000088e-02
1.069699999999999818e-02 3.458290050000000226e-01 2.516927979999999954e-02
1.103600000000000241e-02 3.405085689999999832e-01 2.354803280000000026e-02
1.137600000000000243e-02 3.257052819999999849e-01 2.178186940000000071e-02
1.171599999999999898e-02 3.358778079999999999e-01 2.225602720000000034e-02
1.205500000000000148e-02 3.110664040000000186e-01 2.048701619999999946e-02
1.239499999999999803e-02 2.601426250000000162e-01 1.954093180000000124e-02
1.273399999999999879e-02 2.846839930000000796e-01 1.959476510000000143e-02
1.307400000000000055e-02 3.121524949999999188e-01 1.960812249999999840e-02
1.341399999999999884e-02 2.589635840000000799e-01 1.828603989999999860e-02
1.375299999999999613e-02 2.869489579999999762e-01 1.848793970000000078e-02
1.409299999999999962e-02 2.453961219999999943e-01 1.676651950000000030e-02
1.443199999999999691e-02 2.385558270000000258e-01 1.657776719999999940e-02
1.477199999999999694e-02 2.055986150000000401e-01 1.528013949999999961e-02
1.511100000000000290e-02 2.057314919999999880e-01 1.535610450000000037e-02
1.545099999999999772e-02 2.057818359999999958e-01 1.507138549999999938e-02
1.579099999999999948e-02 1.817911309999999947e-01 1.347812280000000064e-02
1.613000000000000198e-02 1.624912400000000090e-01 1.296073839999999956e-02
1.646999999999999853e-02 1.854765140000000090e-01 1.379301299999999980e-02
1.680900000000000102e-02 1.704373800000000272e-01 1.295673859999999997e-02
1.714900000000000105e-02 1.637422989999999801e-01 1.224531570000000034e-02
1.748800000000000354e-02 1.444685189999999897e-01 1.163272679999999976e-02
1.782800000000000357e-02 1.369551370000000046e-01 1.129136740000000021e-02
1.816800000000000359e-02 1.301324480000000117e-01 1.090158110000000007e-02
1.850700000000000262e-02 1.584460440000000359e-01 1.141604239999999965e-02
1.884699999999999570e-02 1.469164890000000112e-01 1.101582589999999980e-02
1.918599999999999819e-02 1.144842529999999942e-01 9.784192140000000024e-03
1.952599999999999822e-02 1.118760820000000017e-01 9.806256989999999688e-03
1.986600000000000518e-02 1.013324840000000004e-01 8.989230730000000516e-03
2.020500000000000421e-02 1.115384610000000054e-01 9.172391190000000333e-03
2.054500000000000076e-02 9.492520080000001192e-02 8.527973919999999250e-03
2.088400000000000326e-02 8.702768860000001383e-02 8.257445420000000466e-03
2.122400000000000328e-02 1.089359319999999853e-01 9.057059989999999630e-03
2.156300000000000230e-02 1.005115390000000108e-01 8.764437769999999447e-03
2.190299999999999539e-02 1.051794050000000036e-01 8.820022719999999136e-03
2.224299999999999888e-02 8.762885219999999586e-02 7.980913339999999578e-03
2.258199999999999791e-02 9.544586989999997995e-02 8.546089550000000173e-03
2.292200000000000487e-02 8.401162739999999685e-02 7.513615099999999998e-03
2.326099999999999696e-02 6.041330799999999196e-02 6.681346220000000322e-03
2.360099999999999698e-02 6.263301710000000744e-02 6.630326140000000062e-03
2.394100000000000394e-02 6.079110599999999059e-02 6.641993019999999602e-03
2.427999999999999950e-02 6.954569120000000937e-02 6.818646680000000140e-03
2.519300000000000012e-02 6.243226980000000231e-02 2.924914629999999897e-03
2.601900000000000740e-02 5.362032239999998950e-02 2.636775999999999964e-03
2.684500000000000081e-02 4.626020659999999229e-02 2.500034219999999925e-03
2.767099999999999421e-02 4.440272459999999866e-02 2.349277940000000023e-03
2.849700000000000150e-02 3.957363380000000069e-02 2.210151830000000196e-03
2.932299999999999143e-02 4.221334189999999958e-02 2.168876469999999994e-03
3.014899999999999178e-02 3.399911700000000231e-02 1.955171969999999933e-03
3.097499999999999559e-02 3.251781819999999962e-02 1.934249949999999971e-03
3.180100000000000982e-02 3.001022650000000069e-02 1.879439600000000097e-03
3.262700000000000322e-02 2.748123220000000394e-02 1.689234589999999989e-03
3.345299999999998969e-02 2.644874379999999359e-02 1.670830280000000067e-03
3.427899999999999697e-02 2.446657719999999897e-02 1.602963480000000034e-03
3.510500000000000426e-02 2.040350599999999487e-02 1.507160719999999952e-03
3.593100000000000460e-02 1.927476570000000167e-02 1.433877249999999937e-03
3.675799999999999901e-02 2.030027029999999927e-02 1.405551110000000103e-03
3.758399999999999935e-02 1.848030809999999524e-02 1.328621550000000070e-03
3.840999999999999970e-02 1.827187720000000501e-02 1.319885939999999955e-03
3.923600000000000004e-02 1.489606220000000425e-02 1.218722840000000104e-03
4.006200000000000039e-02 1.495854310000000430e-02 1.173946720000000089e-03
4.088799999999999379e-02 1.590706270000000200e-02 1.213738659999999978e-03
4.171400000000000108e-02 1.448944900000000147e-02 1.168698940000000063e-03
4.254000000000000142e-02 1.175873129999999850e-02 1.125577279999999967e-03
4.336599999999999483e-02 1.126299890000000137e-02 1.054613349999999937e-03
4.419200000000000905e-02 1.047047799999999834e-02 9.928095239999999537e-04
4.501800000000000246e-02 9.885505829999996844e-03 9.905997870000001013e-04
4.584399999999999586e-02 8.916211540000003322e-03 9.389632579999999604e-04
4.666999999999999621e-02 9.903897539999996155e-03 1.002871740000000093e-03
4.749599999999998962e-02 8.653955220000000489e-03 8.827091379999999583e-04
4.832199999999999690e-02 8.201736660000001969e-03 8.446909669999999766e-04
4.914800000000000418e-02 8.636188200000003909e-03 8.740146410000000383e-04
4.997400000000000453e-02 7.689473599999996356e-03 8.180238449999999552e-04
5.080000000000000487e-02 7.235335549999997659e-03 8.691384659999999663e-04
5.162599999999998440e-02 5.349448049999999504e-03 7.575652070000000148e-04
5.245200000000000556e-02 6.164891320000000056e-03 7.594089909999999881e-04
5.327799999999999897e-02 5.497992940000001605e-03 7.498217639999999991e-04
5.410399999999998544e-02 5.632423139999997823e-03 7.311083120000000076e-04
5.492999999999999966e-02 4.756883619999999202e-03 7.120170200000000386e-04
5.575599999999999307e-02 4.593620130000000863e-03 7.078834690000000490e-04
5.658199999999999341e-02 4.530845279999998372e-03 6.901334159999999648e-04
5.740800000000000070e-02 3.326392210000000092e-03 6.448121660000000199e-04
5.823400000000000798e-02 4.386187940000002908e-03 6.510585790000000036e-04
5.906000000000000139e-02 2.805904740000000636e-03 6.586329510000000272e-04
5.988600000000000173e-02 3.983914879999998077e-03 6.317220679999999795e-04
6.071200000000001595e-02 3.148458509999999076e-03 5.935146890000000215e-04
6.153800000000000242e-02 3.586137889999999138e-03 6.031022870000000459e-04
6.236400000000000277e-02 3.113684559999999740e-03 5.772307869999999735e-04
6.318999999999999617e-02 2.710377400000000929e-03 6.029717689999999604e-04
6.401600000000000346e-02 3.025464370000000534e-03 6.072959009999999696e-04
6.484199999999998298e-02 3.799600370000001757e-03 5.869408080000000118e-04
6.566799999999999027e-02 3.868788460000001806e-03 5.529125450000000122e-04
6.649399999999998367e-02 2.690415949999999060e-03 5.818355830000000034e-04
6.732000000000000484e-02 2.430564310000000137e-03 5.430571179999999637e-04
6.814599999999998436e-02 2.272249909999999023e-03 5.199496629999999717e-04
6.897200000000001940e-02 2.233164499999999025e-03 5.437795669999999967e-04
6.979800000000001281e-02 2.488667829999998814e-03 5.600890759999999644e-04
7.062400000000002009e-02 1.995754710000000390e-03 5.038704189999999644e-04
7.144999999999998574e-02 1.994015530000000074e-03 4.987807309999999980e-04
7.227600000000002078e-02 1.325401759999999488e-03 5.303254889999999997e-04
7.310200000000001419e-02 2.539414999999998861e-03 5.293662119999999931e-04
7.392799999999997984e-02 2.560018570000000600e-03 5.011756380000000240e-04
7.475400000000000100e-02 1.935654609999999057e-03 4.667093350000000099e-04
7.557999999999998053e-02 1.337797520000000469e-03 5.056963830000000193e-04
7.640599999999998782e-02 1.404301379999999509e-03 4.717171889999999734e-04
7.723199999999998122e-02 6.512209200000003244e-04 4.977470390000000508e-04
7.805800000000001626e-02 1.973593189999999289e-03 4.702337009999999862e-04
7.888399999999999579e-02 1.736997620000000232e-03 4.824964470000000128e-04
7.971000000000001695e-02 1.696337490000000879e-03 4.577470289999999858e-04
8.053599999999998260e-02 1.615858680000000283e-03 4.593149730000000157e-04
8.136200000000001764e-02 1.326531729999999402e-03 4.758470569999999887e-04
8.218799999999998329e-02 1.566609690000000336e-03 4.303541570000000028e-04
8.301399999999999058e-02 1.393687180000000589e-03 4.709885809999999934e-04
8.384000000000001174e-02 1.180772299999999523e-03 4.379642619999999796e-04
8.466599999999999127e-02 1.026815100000000184e-03 4.212148419999999925e-04
8.549199999999999855e-02 8.720649470000000963e-04 4.590031219999999830e-04
8.631800000000001971e-02 8.534911229999998924e-04 4.442582879999999886e-04
8.714399999999999924e-02 7.294703289999999530e-04 4.474373240000000256e-04
8.797000000000002040e-02 3.831562959999999579e-04 4.620502640000000117e-04
8.879599999999999993e-02 1.712861659999999949e-03 4.749073740000000219e-04
8.962200000000000721e-02 1.086890489999999855e-03 4.464394019999999921e-04
9.044799999999998674e-02 1.267842670000000503e-03 4.636982050000000122e-04
9.127399999999999403e-02 1.593190140000000279e-03 4.519256160000000261e-04
9.210000000000000131e-02 1.156161830000000538e-03 4.564282039999999858e-04
9.292599999999999472e-02 1.157631159999999472e-03 4.565999479999999764e-04
9.375199999999998812e-02 1.072450509999999663e-03 4.491525700000000248e-04
9.457800000000000928e-02 1.034090049999999462e-03 4.579216209999999805e-04
9.540399999999998881e-02 7.409587230000000413e-04 4.546968610000000138e-04
9.622999999999999610e-02 1.294016050000000280e-03 4.529319959999999817e-04
9.705600000000001726e-02 1.687964510000000262e-03 4.406300030000000027e-04
9.788200000000001066e-02 7.469519880000002107e-04 4.395768820000000069e-04
9.870800000000003183e-02 1.397783130000000446e-03 4.292197670000000233e-04
9.953399999999999748e-02 6.603985319999998004e-04 4.360987550000000167e-04
1.003600000000000186e-01 1.082144750000000200e-03 4.668049319999999875e-04
1.011859999999999982e-01 6.819373939999998080e-04 4.249906050000000035e-04
1.020120000000000055e-01 6.017098290000000163e-04 4.098815300000000113e-04
1.028379999999999989e-01 1.016173370000000463e-03 4.110877650000000091e-04
1.036640000000000200e-01 1.347402390000000108e-03 4.299609699999999831e-04
1.044900000000000134e-01 1.245939749999999766e-03 4.390400479999999957e-04
1.053160000000000068e-01 1.003673559999999779e-03 4.265478559999999887e-04
1.061420000000000002e-01 8.576519019999996130e-04 4.258358920000000184e-04
1.069679999999999936e-01 1.570564139999999428e-03 4.404114280000000063e-04
1.077940000000000148e-01 8.260921999999996934e-04 3.968939080000000001e-04
1.086199999999999943e-01 1.028290769999999806e-03 4.203864719999999807e-04
1.094469999999999887e-01 7.084487279999998870e-04 4.148281429999999773e-04
1.110990000000000033e-01 9.996972559999999734e-04 4.373340650000000088e-04
1.119249999999999828e-01 4.805149579999998320e-04 4.332988659999999930e-04
1.127510000000000179e-01 3.142177649999999692e-04 4.395479059999999965e-04
1.135770000000000113e-01 9.832872040000004924e-04 3.893999230000000150e-04
1.144029999999999908e-01 7.925266690000001401e-04 4.135809970000000084e-04
1.152289999999999842e-01 4.596291689999998397e-04 3.965762339999999789e-04
1.160549999999999915e-01 9.904289400000001586e-04 4.076509470000000261e-04
1.168810000000000127e-01 1.016098410000000314e-03 4.217812110000000031e-04
1.177070000000000061e-01 1.222620800000000273e-03 3.871162170000000120e-04
1.185330000000000134e-01 3.375876240000000327e-04 3.981381329999999857e-04
1.193590000000000068e-01 8.339230180000001226e-04 3.863171799999999935e-04
1.201850000000000002e-01 1.192885550000000270e-03 3.796232650000000192e-04
1.210109999999999797e-01 6.982031919999997713e-04 3.622420809999999801e-04
1.218369999999999870e-01 9.567905449999997798e-04 3.691136900000000225e-04
1.226630000000000081e-01 4.457095439999999111e-04 3.810327170000000151e-04
1.234890000000000154e-01 7.178748979999998456e-04 3.712366200000000106e-04
1.243150000000000088e-01 5.527344939999997986e-04 3.626864390000000111e-04
1.251410000000000022e-01 1.260713429999999694e-03 3.868271620000000182e-04
1.259669999999999956e-01 1.142634689999999639e-03 3.825617180000000163e-04
1.276190000000000102e-01 8.761996060000004291e-04 3.652728909999999993e-04
1.284450000000000036e-01 1.360215009999999865e-03 3.840377130000000201e-04
1.292709999999999970e-01 1.241075990000000068e-03 3.666369740000000022e-04
1.300969999999999904e-01 4.302899400000001874e-04 3.598723360000000257e-04
1.309229999999999838e-01 3.643152860000000337e-04 3.451474360000000136e-04
1.317489999999999772e-01 3.485426110000001314e-04 3.564187899999999892e-04
1.325749999999999984e-01 7.267637629999998319e-04 3.569309339999999944e-04
1.334009999999999918e-01 8.147529689999996735e-04 3.513311749999999795e-04
1.342270000000000130e-01 6.082044159999999569e-04 3.282493920000000270e-04
1.350530000000000064e-01 2.029193279999999902e-04 3.573759440000000222e-04
1.358789999999999998e-01 3.640765670000001893e-04 3.482759109999999871e-04
1.367049999999999932e-01 1.052694049999999652e-03 3.526519819999999745e-04
1.375309999999999866e-01 9.870221229999996682e-04 3.460924629999999856e-04
1.383569999999999800e-01 1.447070260000000270e-04 3.346912980000000268e-04
1.391830000000000012e-01 1.558160790000000641e-04 3.135518570000000115e-04
1.400089999999999946e-01 7.315130149999996565e-04 3.207814640000000066e-04
1.408350000000000157e-01 5.294020220000001265e-04 3.503889930000000236e-04
1.416610000000000091e-01 8.594818910000001731e-04 3.253093690000000149e-04
1.424870000000000025e-01 3.889645829999999454e-04 3.258259940000000042e-04
1.433129999999999959e-01 6.757739430000003072e-04 3.369084880000000224e-04
1.441389999999999894e-01 6.601049320000000782e-04 3.265452949999999850e-04
1.449649999999999828e-01 5.946591570000000094e-04 3.202126600000000222e-04
1.457910000000000039e-01 4.293345340000002307e-05 3.072673609999999780e-04
1.466169999999999973e-01 7.181019049999999224e-04 3.112848070000000245e-04
1.474429999999999907e-01 2.062644160000000478e-04 3.276779480000000205e-04
1.482690000000000119e-01 3.365483339999998484e-04 3.304038940000000066e-04
1.499210000000000265e-01 3.830759530000001366e-05 3.236813389999999803e-04
1.507469999999999921e-01 9.822840119999996702e-04 3.117044779999999832e-04
1.515730000000000133e-01 2.745360820000000810e-04 3.230973549999999910e-04
1.523990000000000344e-01 1.387497269999999261e-03 3.325342410000000108e-04
1.532249999999999723e-01 2.363384170000000679e-04 3.255178319999999762e-04
1.540509999999999935e-01 6.540060420000001025e-04 3.102444690000000162e-04
1.548769999999999869e-01 3.477040480000000828e-04 2.991994430000000115e-04
1.557029999999999803e-01 6.941363679999998674e-05 3.189999909999999836e-04
1.565290000000000015e-01 2.768148869999999349e-04 3.130637400000000053e-04
1.573549999999999949e-01 8.648304279999996166e-04 3.230605580000000068e-04
1.581809999999999883e-01 1.401156990000000083e-04 2.961121110000000038e-04
1.590070000000000094e-01 5.878849900000002703e-04 2.911430540000000018e-04
1.598330000000000028e-01 8.861427600000002435e-04 2.951420020000000200e-04
1.606589999999999963e-01 4.934167300000002207e-04 3.055240390000000042e-04
1.614850000000000174e-01 1.335167900000001064e-05 3.086765139999999761e-04
1.623110000000000386e-01 7.730284499999996511e-04 3.101538939999999751e-04
1.631369999999999765e-01 1.456611210000000045e-04 3.107368409999999880e-04
1.639629999999999976e-01 7.875250350000003677e-04 2.903335669999999977e-04
1.647889999999999633e-01 1.359644589999999833e-04 3.060478849999999796e-04
1.656150000000000122e-01 8.615293140000003557e-04 2.815007919999999914e-04
1.672669999999999990e-01 2.308119059999999946e-04 3.009177260000000186e-04
1.680930000000000202e-01 5.985966390000000076e-04 2.966300590000000193e-04
1.689190000000000136e-01 8.424606679999999950e-04 3.074757469999999759e-04
1.697450000000000347e-01 5.079707110000002525e-04 2.763579969999999976e-04
1.705710000000000004e-01 3.405302269999998187e-04 2.920434230000000129e-04
1.713969999999999938e-01 5.522636069999997373e-04 2.989768069999999790e-04
1.722230000000000150e-01 4.408808019999997706e-04 3.038915350000000117e-04
1.730490000000000084e-01 6.193565089999996439e-04 2.869934199999999835e-04
