3.141000000000000996e-03 1.028894130000000073e+00 6.906278660000000347e-01
3.311000000000000575e-03 1.231188270000000085e+00 4.866975929999999839e-01
3.481000000000000587e-03 1.009246620000000094e+00 4.047191969999999750e-01
3.650999999999999732e-03 4.284152199999999855e-01 3.513785209999999992e-01
3.820000000000001346e-03 8.049455079999999763e-01 2.890732910000000100e-01
3.990000000000001358e-03 6.488400539999999994e-01 2.908243349999999894e-01
4.160000000000000503e-03 8.444825409999999755e-01 2.417442850000000032e-01
4.330000000000001383e-03 1.110610520000000045e+00 2.587403939999999847e-01
4.498999999999999527e-03 4.831219909999999729e-01 2.199486940000000001e-01
4.668999999999997805e-03 5.332086350000000419e-01 2.063372159999999900e-01
4.839000000000002154e-03 5.373760770000000075e-01 1.796803859999999975e-01
5.009000000000003033e-03 5.142573849999999558e-01 1.755047949999999912e-01
5.178999999999999576e-03 8.591172040000000232e-01 1.628990039999999861e-01
5.347999999999998588e-03 8.130204859999999867e-01 1.653037739999999867e-01
5.518000000000000335e-03 3.108223639999999621e-01 1.316945210000000088e-01
5.943000000000002968e-03 7.344604519999999859e-01 6.624273840000000080e-02
6.282000000000002859e-03 5.885590200000000438e-01 5.449226559999999914e-02
6.622000000000002017e-03 6.918275419999999620e-01 4.943351170000000183e-02
6.961000000000001041e-03 6.186311580000000143e-01 4.473872489999999869e-02
7.301000000000002800e-03 4.626796180000000147e-01 3.941709139999999972e-02
7.641000000000000222e-03 4.811396909999999805e-01 3.697385529999999698e-02
7.979999999999995777e-03 5.089259139999999793e-01 3.715770639999999708e-02
8.320000000000001006e-03 4.754478369999999843e-01 3.420841260000000161e-02
8.659000000000000030e-03 4.206502879999999833e-01 3.128035159999999898e-02
8.999000000000003524e-03 4.584065929999999733e-01 3.143684590000000306e-02
9.339000000000000079e-03 3.965953529999999838e-01 2.859585569999999882e-02
9.677999999999995634e-03 4.520700480000000021e-01 2.926939820000000123e-02
1.001800000000000260e-02 4.251475699999999747e-01 2.728426059999999875e-02
1.035700000000000162e-02 4.303022879999999772e-01 2.699722389999999889e-02
1.069699999999999818e-02 3.917320229999999848e-01 2.516622129999999957e-02
1.103600000000000241e-02 3.348380770000000117e-01 2.333750199999999955e-02
1.137600000000000243e-02 3.576263880000000173e-01 2.389770960000000069e-02
1.171599999999999898e-02 3.678637519999999883e-01 2.355509130000000076e-02
1.205500000000000148e-02 3.624503929999999818e-01 2.241075090000000172e-02
1.239499999999999803e-02 3.324909269999999917e-01 2.128816030000000095e-02
1.273399999999999879e-02 2.951312830000000220e-01 2.027232949999999839e-02
1.307400000000000055e-02 2.716216790000000048e-01 1.920128449999999876e-02
1.341399999999999884e-02 2.521022549999999973e-01 1.801270090000000115e-02
1.375299999999999613e-02 2.712544730000000515e-01 1.801267009999999932e-02
1.409299999999999962e-02 2.730446519999999988e-01 1.804636440000000064e-02
1.443199999999999691e-02 2.770123110000000666e-01 1.763901899999999884e-02
1.477199999999999694e-02 2.422560850000000376e-01 1.623230390000000162e-02
1.511100000000000290e-02 2.579722549999999837e-01 1.707343470000000085e-02
1.545099999999999772e-02 2.345195890000000283e-01 1.594891249999999885e-02
1.579099999999999948e-02 2.336332130000000340e-01 1.572429490000000138e-02
1.613000000000000198e-02 2.151801819999999699e-01 1.491639330000000055e-02
1.646999999999999853e-02 2.122603840000000242e-01 1.468656529999999918e-02
1.680900000000000102e-02 1.987810789999999994e-01 1.410784250000000038e-02
1.714900000000000105e-02 1.919930729999999863e-01 1.351153130000000077e-02
1.748800000000000354e-02 1.793527199999999933e-01 1.269575289999999926e-02
1.782800000000000357e-02 1.976021710000000209e-01 1.367215960000000077e-02
1.816800000000000359e-02 1.951773260000000121e-01 1.328985379999999931e-02
1.850700000000000262e-02 1.727380450000000067e-01 1.247975299999999968e-02
1.884699999999999570e-02 1.721521390000000096e-01 1.211936670000000014e-02
1.918599999999999819e-02 1.891341930000000060e-01 1.281016710000000038e-02
1.952599999999999822e-02 1.589562370000000002e-01 1.127832970000000080e-02
1.986600000000000518e-02 1.330164459999999826e-01 1.068434509999999921e-02
2.020500000000000421e-02 1.429116270000000133e-01 1.073098429999999950e-02
2.054500000000000076e-02 1.353131180000000100e-01 1.060192740000000071e-02
2.088400000000000326e-02 1.212563160000000168e-01 9.628905400000000239e-03
2.122400000000000328e-02 1.504345470000000018e-01 1.064421219999999932e-02
2.156300000000000230e-02 1.227335550000000081e-01 9.402907679999999296e-03
2.190299999999999539e-02 1.270842879999999897e-01 9.664508999999999947e-03
2.224299999999999888e-02 1.160710090000000028e-01 9.180306469999999913e-03
2.258199999999999791e-02 1.068121519999999935e-01 8.963243100000000546e-03
2.292200000000000487e-02 1.194167499999999882e-01 9.292086349999999217e-03
2.326099999999999696e-02 1.123768130000000198e-01 8.896727760000000540e-03
2.360099999999999698e-02 9.807609209999997024e-02 8.233678289999999192e-03
2.436699999999999630e-02 9.423159490000002081e-02 3.510165569999999877e-03
2.519300000000000012e-02 8.662049040000001365e-02 3.316370910000000175e-03
2.601900000000000740e-02 7.427069780000000732e-02 3.067402030000000203e-03
2.684500000000000081e-02 6.363631900000001063e-02 2.852606530000000203e-03
2.767099999999999421e-02 5.885839960000001370e-02 2.702364640000000113e-03
2.849700000000000150e-02 5.491596569999999955e-02 2.512549059999999966e-03
2.932299999999999143e-02 5.120147729999998537e-02 2.367062990000000020e-03
3.014899999999999178e-02 4.855333919999998277e-02 2.269012180000000087e-03
3.097499999999999559e-02 4.049332489999999535e-02 2.171745980000000086e-03
3.180100000000000982e-02 3.384183369999999025e-02 1.893695269999999932e-03
3.262700000000000322e-02 3.230399660000000950e-02 1.823314039999999981e-03
3.345299999999998969e-02 3.007398909999999675e-02 1.796838779999999957e-03
3.427899999999999697e-02 2.618532429999999647e-02 1.608280479999999943e-03
3.510500000000000426e-02 2.330974339999999922e-02 1.582718870000000095e-03
3.593100000000000460e-02 2.522463359999999738e-02 1.537666310000000095e-03
3.675799999999999901e-02 1.878779700000000191e-02 1.410249199999999989e-03
3.758399999999999935e-02 2.051638290000000128e-02 1.418129580000000028e-03
3.840999999999999970e-02 1.883400650000000009e-02 1.347384500000000035e-03
3.923600000000000004e-02 1.385929019999999900e-02 1.212087309999999992e-03
4.006200000000000039e-02 1.412293889999999622e-02 1.189905690000000061e-03
4.088799999999999379e-02 1.360341869999999800e-02 1.175351660000000008e-03
4.171400000000000108e-02 1.167140830000000171e-02 1.135660730000000044e-03
4.254000000000000142e-02 1.190945730000000057e-02 1.027627020000000061e-03
4.336599999999999483e-02 1.237275590000000251e-02 1.068297300000000056e-03
4.419200000000000905e-02 1.011343420000000194e-02 1.000564270000000016e-03
4.501800000000000246e-02 1.047792990000000028e-02 1.011813990000000026e-03
4.584399999999999586e-02 9.707677390000002404e-03 9.425374880000000205e-04
4.666999999999999621e-02 7.599230489999999130e-03 8.830422269999999669e-04
4.749599999999998962e-02 8.264380349999995989e-03 9.011171179999999609e-04
4.832199999999999690e-02 6.918626250000000505e-03 8.687765549999999825e-04
4.914800000000000418e-02 6.820640059999998235e-03 7.996694930000000125e-04
4.997400000000000453e-02 3.993636139999998634e-03 7.460364529999999762e-04
5.080000000000000487e-02 4.350086340000001647e-03 7.342288979999999536e-04
5.162599999999998440e-02 4.557325569999998681e-03 7.442874720000000090e-04
5.245200000000000556e-02 3.591794839999998528e-03 6.599170170000000311e-04
5.327799999999999897e-02 3.723403509999998959e-03 6.746044270000000091e-04
5.410399999999998544e-02 3.789061210000001581e-03 6.572048640000000084e-04
5.492999999999999966e-02 4.768424320000001597e-03 7.203772630000000515e-04
5.575599999999999307e-02 4.235935099999998434e-03 6.418091209999999712e-04
5.658199999999999341e-02 3.035138730000001145e-03 6.465984390000000534e-04
5.740800000000000070e-02 3.287397379999999411e-03 5.689222200000000141e-04
5.823400000000000798e-02 1.710579619999999523e-03 5.603837600000000172e-04
5.906000000000000139e-02 2.423609220000000602e-03 6.224256480000000310e-04
5.988600000000000173e-02 2.416335290000000066e-03 5.659275319999999658e-04
6.071200000000001595e-02 1.956389009999999311e-03 5.640010729999999891e-04
6.153800000000000242e-02 3.417181580000001623e-03 5.807206749999999692e-04
6.236400000000000277e-02 1.572257119999999819e-03 5.500401370000000071e-04
6.318999999999999617e-02 1.815620469999999200e-03 5.478000110000000441e-04
6.401600000000000346e-02 1.499015850000000750e-03 5.242060050000000226e-04
6.484199999999998298e-02 2.451006510000000495e-03 5.300585609999999533e-04
6.566799999999999027e-02 1.279505579999999426e-03 4.817440549999999844e-04
6.649399999999998367e-02 1.608495880000000537e-03 4.669127579999999981e-04
6.732000000000000484e-02 1.248870639999999843e-03 4.720287069999999814e-04
6.814599999999998436e-02 8.878982879999997458e-04 4.904846329999999798e-04
6.897200000000001940e-02 9.774829959999999270e-04 5.170236280000000111e-04
6.979800000000001281e-02 1.025951009999999733e-03 5.158393040000000106e-04
7.062400000000002009e-02 3.806722269999998826e-04 4.891667869999999710e-04
7.144999999999998574e-02 6.835627240000000061e-04 4.603950510000000122e-04
7.227600000000002078e-02 1.519614510000000425e-03 4.723542429999999753e-04
7.310200000000001419e-02 1.103366919999999515e-03 4.724215329999999799e-04
7.392799999999997984e-02 1.235359150000000161e-03 4.540300150000000094e-04
7.475400000000000100e-02 2.430324220000001163e-04 4.648320139999999822e-04
7.557999999999998053e-02 1.365746829999999867e-03 4.441279760000000016e-04
7.640599999999998782e-02 5.395452770000001928e-04 4.389715399999999791e-04
7.723199999999998122e-02 8.835637669999998325e-04 4.468692850000000201e-04
7.805800000000001626e-02 6.859377320000000725e-04 4.354870269999999732e-04
7.888399999999999579e-02 1.017018649999999963e-03 4.250199210000000106e-04
7.971000000000001695e-02 6.532471620000000322e-04 4.262967369999999816e-04
8.053599999999998260e-02 1.553705779999999762e-03 4.388128010000000106e-04
8.136200000000001764e-02 6.658196529999996704e-04 3.755065989999999978e-04
8.218799999999998329e-02 4.759079799999997931e-04 4.384312070000000172e-04
8.384000000000001174e-02 6.802400600000001185e-04 3.921343009999999729e-04
8.466599999999999127e-02 5.604344000000000903e-04 4.055612340000000157e-04
8.549199999999999855e-02 7.320059479999996635e-04 4.090710890000000244e-04
8.631800000000001971e-02 1.034921440000000472e-03 4.317440219999999851e-04
8.714399999999999924e-02 1.048922699999999897e-03 4.439362500000000036e-04
8.797000000000002040e-02 5.984739620000002498e-04 4.387099510000000121e-04
8.879599999999999993e-02 5.828284120000001671e-04 4.286415550000000096e-04
9.044799999999998674e-02 1.012050100000000483e-03 4.547277969999999987e-04
9.127399999999999403e-02 7.584365720000003442e-04 4.394203659999999919e-04
9.210000000000000131e-02 8.707773739999996859e-04 4.117160069999999854e-04
9.292599999999999472e-02 1.413098459999999248e-03 4.375881960000000152e-04
9.375199999999998812e-02 2.613319559999999838e-04 3.930446210000000120e-04
9.457800000000000928e-02 4.334738300000001276e-04 4.181176430000000006e-04
9.540399999999998881e-02 4.954455630000002006e-04 4.023943109999999872e-04
9.622999999999999610e-02 1.092816980000000564e-04 4.227718160000000004e-04
9.705600000000001726e-02 3.886486819999999411e-04 4.473102119999999913e-04
9.788200000000001066e-02 1.020363059999999803e-03 3.928498099999999812e-04
9.870800000000003183e-02 1.073855729999999899e-04 4.118883230000000215e-04
9.953399999999999748e-02 5.494575169999999344e-04 3.961452709999999837e-04
1.003600000000000186e-01 2.796451170000000441e-04 4.091258070000000115e-04
1.011859999999999982e-01 2.295806130000001060e-04 4.009585389999999932e-04
1.020120000000000055e-01 8.095858339999999556e-04 4.033283350000000148e-04
1.028379999999999989e-01 2.509489760000000271e-04 4.401227189999999852e-04
1.036640000000000200e-01 1.373669669999999976e-04 4.239325129999999757e-04
1.044900000000000134e-01 1.609120829999999736e-04 4.067084560000000038e-04
1.053160000000000068e-01 3.137053140000001066e-04 4.376841099999999730e-04
1.061420000000000002e-01 1.234256660000000163e-03 4.107008560000000030e-04
1.069679999999999936e-01 4.694232390000000832e-04 3.996090659999999959e-04
1.077940000000000148e-01 4.495214129999996588e-05 4.038005680000000103e-04
1.086199999999999943e-01 3.928515839999999941e-04 3.865534879999999850e-04
1.110990000000000033e-01 2.159970850000000387e-04 4.117716329999999763e-04
1.119249999999999828e-01 7.037528129999999840e-04 4.356211370000000172e-04
1.144029999999999908e-01 3.640566030000000016e-04 3.870733620000000024e-04
1.152289999999999842e-01 1.802527830000000373e-04 3.933094089999999900e-04
1.160549999999999915e-01 6.585582209999998275e-04 3.489855509999999737e-04
1.168810000000000127e-01 7.814820999999996104e-04 3.991899069999999970e-04
1.177070000000000061e-01 2.229342089999999683e-04 3.757829169999999828e-04
1.185330000000000134e-01 5.928090249999997058e-04 3.815620650000000149e-04
1.193590000000000068e-01 3.685219579999999846e-04 3.707326079999999835e-04
1.201850000000000002e-01 9.486807860000007122e-05 3.625771359999999935e-04
1.210109999999999797e-01 5.052564720000002167e-04 3.774934559999999794e-04
1.226630000000000081e-01 5.335303319999996994e-04 3.617121700000000073e-04
1.234890000000000154e-01 5.580497800000000508e-04 3.507892739999999947e-04
1.259669999999999956e-01 5.174548740000001765e-04 3.450315389999999982e-04
1.276190000000000102e-01 3.894524059999998795e-04 3.500099410000000102e-04
1.284450000000000036e-01 6.533064649999997505e-04 3.568465560000000196e-04
1.309229999999999838e-01 2.042016240000000193e-04 3.634393660000000159e-04
1.325749999999999984e-01 4.165668279999997772e-04 3.289627979999999816e-04
1.342270000000000130e-01 5.579200860000001422e-04 3.318293280000000011e-04
1.350530000000000064e-01 1.350208440000000341e-04 3.289100570000000096e-04
1.358789999999999998e-01 1.928626520000000758e-04 3.479322929999999832e-04
1.367049999999999932e-01 2.090881969999999323e-04 3.272371429999999955e-04
1.375309999999999866e-01 9.853237669999991293e-05 3.318943640000000133e-04
1.383569999999999800e-01 3.250523940000000426e-04 3.219744710000000060e-04
1.391830000000000012e-01 1.863644680000000340e-04 3.179209609999999737e-04
1.400089999999999946e-01 4.122416549999998619e-04 3.124191260000000166e-04
1.408350000000000157e-01 4.147793419999998201e-04 3.491902979999999840e-04
1.416610000000000091e-01 5.380059440000001139e-05 3.355586059999999789e-04
1.424870000000000025e-01 4.287346870000000249e-04 3.460520280000000098e-04
1.441389999999999894e-01 7.064085679999999564e-04 3.353071490000000213e-04
1.449649999999999828e-01 5.169204189999998750e-04 3.216279310000000227e-04
1.466169999999999973e-01 1.879955639999999334e-04 3.346553179999999764e-04
1.474429999999999907e-01 3.527223719999998436e-04 3.191977419999999762e-04
1.499210000000000265e-01 9.053781460000003424e-05 3.045265899999999781e-04
1.507469999999999921e-01 3.988117420000000579e-05 3.000391050000000056e-04
1.540509999999999935e-01 4.220794600000001224e-04 3.039630190000000088e-04
1.548769999999999869e-01 4.317304909999999506e-04 3.104364920000000200e-04
1.557029999999999803e-01 4.036468770000001998e-04 2.977373270000000069e-04
1.573549999999999949e-01 4.177535590000001887e-04 3.127095019999999903e-04
1.590070000000000094e-01 5.699793289999995652e-05 2.866882280000000141e-04
1.606589999999999963e-01 1.996822099999999640e-04 3.106980710000000270e-04
1.623110000000000386e-01 1.724108889999999283e-04 2.954152220000000242e-04
1.631369999999999765e-01 1.190324940000000536e-04 2.831099909999999732e-04
1.639629999999999976e-01 3.014520570000000566e-04 2.921595459999999926e-04
1.656150000000000122e-01 1.919460019999999598e-04 2.948093580000000222e-04
1.672669999999999990e-01 2.448426259999999903e-04 2.847768949999999869e-04
1.689190000000000136e-01 6.957460340000000973e-04 2.766038289999999886e-04
1.697450000000000347e-01 6.768929279999997986e-05 2.859919440000000023e-04
1.730490000000000084e-01 6.590475659999997515e-04 2.907013669999999775e-04
1.738749999999999740e-01 1.126627480000000060e-04 2.693146779999999914e-04
1.755269999999999886e-01 3.881165959999998230e-04 2.663019729999999987e-04
1.780050000000000243e-01 1.589597179999999979e-04 2.710382929999999974e-04
1.796569999999999834e-01 3.830569609999999545e-04 2.813213029999999944e-04
1.804829999999999768e-01 4.410054399999999868e-04 2.809478769999999978e-04
1.821359999999999646e-01 3.439709150000001673e-04 2.778147049999999817e-04
1.829619999999999858e-01 1.584977949999999782e-04 2.750436369999999914e-04
1.854400000000000215e-01 3.839718780000000021e-04 2.849718229999999839e-04
1.879180000000000017e-01 3.264889690000001348e-04 2.695629619999999967e-04
1.895700000000000163e-01 2.809912210000001134e-04 2.712441449999999834e-04
1.920479999999999687e-01 2.541761729999999597e-04 2.610391049999999792e-04
1.945259999999999767e-01 1.012111370000000121e-04 2.590548029999999798e-04
1.953519999999999979e-01 2.300200480000002182e-05 2.768377790000000238e-04
1.970039999999999847e-01 1.470271209999999335e-05 2.606212290000000037e-04
1.978300000000000058e-01 3.657928019999999772e-04 2.770582940000000205e-04
1.994819999999999649e-01 2.601923830000000605e-04 2.599865909999999974e-04
2.003080000000000138e-01 4.453399559999999743e-04 2.603202009999999842e-04
2.019600000000000006e-01 9.750830649999999046e-06 2.680958399999999915e-04
2.027859999999999940e-01 3.701745320000001207e-04 2.621122540000000154e-04
2.060899999999999954e-01 3.694153190000001342e-04 2.672325099999999735e-04
2.069159999999999611e-01 1.044358660000000078e-04 2.472494249999999862e-04
2.077420000000000377e-01 1.911991009999999727e-04 2.641960089999999804e-04
2.093940000000000246e-01 3.998086119999999175e-04 2.514851530000000073e-04
2.110459999999999836e-01 7.235647369999997111e-05 2.422171760000000034e-04
2.118720000000000325e-01 2.673291140000000473e-04 2.503476490000000024e-04
2.143499999999999850e-01 2.744984269999998930e-04 2.445652239999999999e-04
2.151760000000000339e-01 3.922698889999998574e-04 2.466548619999999847e-04
2.160019999999999996e-01 3.987241400000000635e-05 2.570951779999999841e-04
2.176540000000000141e-01 4.627523819999999140e-04 2.525901039999999833e-04
