6.877000000000001168e-03 4.513595959999999740e-01 1.078037780000000029e-01
7.301000000000002800e-03 3.358483199999999780e-01 3.382629429999999687e-02
7.641000000000000222e-03 3.186938429999999767e-01 3.319202470000000293e-02
7.979999999999995777e-03 3.522137900000000266e-01 3.248036470000000009e-02
8.320000000000001006e-03 3.573643249999999827e-01 3.039281480000000091e-02
8.659000000000000030e-03 2.751038069999999780e-01 2.689661020000000055e-02
8.999000000000003524e-03 2.920740700000000190e-01 2.517869929999999937e-02
9.339000000000000079e-03 2.582877399999999879e-01 2.603528960000000073e-02
9.677999999999995634e-03 2.655887510000000673e-01 2.409820569999999995e-02
1.001800000000000260e-02 2.118099659999999884e-01 2.108879890000000049e-02
1.035700000000000162e-02 1.595165230000000212e-01 1.851811559999999926e-02
1.069699999999999818e-02 1.529569170000000256e-01 1.886856469999999980e-02
1.103600000000000241e-02 2.099376069999999705e-01 1.927284069999999835e-02
1.137600000000000243e-02 2.236989529999999782e-01 1.827771060000000017e-02
1.171599999999999898e-02 2.185862280000000213e-01 1.838913910000000013e-02
1.205500000000000148e-02 2.092675119999999889e-01 1.707688710000000026e-02
1.239499999999999803e-02 1.818121119999999979e-01 1.669983699999999863e-02
1.273399999999999879e-02 1.741333230000000065e-01 1.561527449999999990e-02
1.307400000000000055e-02 1.428911579999999903e-01 1.368631160000000069e-02
1.341399999999999884e-02 1.794712180000000157e-01 1.566095010000000121e-02
1.375299999999999613e-02 1.727892000000000039e-01 1.438507039999999994e-02
1.409299999999999962e-02 1.354541050000000191e-01 1.278887029999999959e-02
1.443199999999999691e-02 1.376689329999999933e-01 1.307814900000000072e-02
1.477199999999999694e-02 1.430238260000000206e-01 1.273016280000000000e-02
1.511100000000000290e-02 1.293003110000000011e-01 1.245336149999999933e-02
1.545099999999999772e-02 1.123686400000000196e-01 1.167955040000000048e-02
1.579099999999999948e-02 1.377493710000000093e-01 1.170070079999999992e-02
1.613000000000000198e-02 1.095562659999999855e-01 1.089776370000000022e-02
1.646999999999999853e-02 1.085631160000000150e-01 1.075658479999999986e-02
1.680900000000000102e-02 1.064148659999999968e-01 1.041368489999999931e-02
1.714900000000000105e-02 1.239935189999999965e-01 1.067887579999999940e-02
1.748800000000000354e-02 1.092815110000000117e-01 1.003573450000000075e-02
1.782800000000000357e-02 1.123834269999999802e-01 1.028893650000000000e-02
1.816800000000000359e-02 9.028928730000000680e-02 9.157333789999999585e-03
1.850700000000000262e-02 1.024169439999999959e-01 9.140765360000000644e-03
1.884699999999999570e-02 1.030797420000000159e-01 9.266320510000000329e-03
1.918599999999999819e-02 9.043326979999999349e-02 8.640543319999999250e-03
1.952599999999999822e-02 8.758789629999996773e-02 8.745946089999999742e-03
1.986600000000000518e-02 8.932472599999997931e-02 8.410230350000000646e-03
2.020500000000000421e-02 8.578030759999998034e-02 8.007669970000000706e-03
2.054500000000000076e-02 9.685940719999998338e-02 8.542893120000000576e-03
2.088400000000000326e-02 8.690155970000001950e-02 8.146879339999999609e-03
2.122400000000000328e-02 7.005881419999999971e-02 7.315220729999999567e-03
2.156300000000000230e-02 7.996761820000000687e-02 7.804560220000000305e-03
2.190299999999999539e-02 7.867397459999998788e-02 7.608446369999999868e-03
2.224299999999999888e-02 8.007900199999999635e-02 7.677920050000000204e-03
2.258199999999999791e-02 6.628857570000000476e-02 7.269215820000000071e-03
2.292200000000000487e-02 8.527496280000002038e-02 7.508734789999999860e-03
2.326099999999999696e-02 6.278718409999999028e-02 6.722624859999999994e-03
2.360099999999999698e-02 6.821297499999998126e-02 6.828350040000000232e-03
2.394100000000000394e-02 5.601875069999998763e-02 6.391183330000000350e-03
2.427999999999999950e-02 5.551563439999999960e-02 6.033369929999999985e-03
2.461999999999999605e-02 5.786342139999998274e-02 6.302889939999999601e-03
2.495899999999999508e-02 5.093416600000000294e-02 6.019724439999999711e-03
2.529899999999999857e-02 5.043171610000000277e-02 5.875567049999999743e-03
2.601900000000000740e-02 4.883877580000000468e-02 2.529835920000000037e-03
2.684500000000000081e-02 4.326418289999999639e-02 2.416267240000000063e-03
2.767099999999999421e-02 3.857050050000000729e-02 2.210031739999999967e-03
2.849700000000000150e-02 4.152716459999999249e-02 2.240200439999999894e-03
2.932299999999999143e-02 4.331956790000000140e-02 2.190416460000000048e-03
3.014899999999999178e-02 3.395046050000000842e-02 1.932076710000000001e-03
3.097499999999999559e-02 3.454649149999999141e-02 1.975381530000000063e-03
3.180100000000000982e-02 3.574349990000001004e-02 1.998212289999999787e-03
3.262700000000000322e-02 3.063437700000000430e-02 1.751835530000000031e-03
3.345299999999998969e-02 3.069007769999999857e-02 1.767320630000000043e-03
3.427899999999999697e-02 2.450232020000000371e-02 1.595090719999999905e-03
3.510500000000000426e-02 2.762773360000000261e-02 1.692447070000000072e-03
3.593100000000000460e-02 2.173733849999999815e-02 1.482206389999999978e-03
3.675799999999999901e-02 2.131936659999999345e-02 1.429603470000000067e-03
3.758399999999999935e-02 2.182096770000000602e-02 1.408572529999999913e-03
3.840999999999999970e-02 2.064984800000000190e-02 1.375470749999999987e-03
3.923600000000000004e-02 1.764827620000000014e-02 1.293697259999999948e-03
4.006200000000000039e-02 1.704431959999999982e-02 1.223022089999999899e-03
4.088799999999999379e-02 1.622312349999999528e-02 1.219607749999999978e-03
4.171400000000000108e-02 1.842617800000000486e-02 1.269144430000000061e-03
4.254000000000000142e-02 1.326223839999999578e-02 1.163054059999999931e-03
4.336599999999999483e-02 1.403214100000000145e-02 1.132239130000000076e-03
4.419200000000000905e-02 1.415967350000000083e-02 1.097073079999999956e-03
4.501800000000000246e-02 1.186825810000000092e-02 1.046613150000000108e-03
4.584399999999999586e-02 1.188674080000000181e-02 1.025083140000000075e-03
4.666999999999999621e-02 1.025995510000000249e-02 1.006258660000000074e-03
4.749599999999998962e-02 1.063503579999999782e-02 9.441413899999999719e-04
4.832199999999999690e-02 9.945852119999999338e-03 8.950733659999999745e-04
4.914800000000000418e-02 1.093569500000000222e-02 9.449427080000000374e-04
4.997400000000000453e-02 8.535729230000002263e-03 8.411005910000000311e-04
5.080000000000000487e-02 7.903323689999998403e-03 8.870736399999999862e-04
5.162599999999998440e-02 8.172114579999997103e-03 8.474903849999999850e-04
5.245200000000000556e-02 8.548117410000001873e-03 8.350946660000000332e-04
5.327799999999999897e-02 7.686305280000002398e-03 8.220630820000000448e-04
5.410399999999998544e-02 6.956296119999998487e-03 7.692719310000000485e-04
5.492999999999999966e-02 6.983029569999997695e-03 7.856101490000000093e-04
5.575599999999999307e-02 7.418601239999998535e-03 7.990579659999999789e-04
5.658199999999999341e-02 7.725166089999999965e-03 7.928872780000000139e-04
5.740800000000000070e-02 6.143527230000000137e-03 7.416573179999999803e-04
5.823400000000000798e-02 6.925710140000001028e-03 7.353836820000000290e-04
5.906000000000000139e-02 5.367194259999998572e-03 7.421891359999999768e-04
5.988600000000000173e-02 6.651787890000000932e-03 7.206630239999999802e-04
6.071200000000001595e-02 5.558694970000002504e-03 6.780365380000000436e-04
6.153800000000000242e-02 5.045936310000002228e-03 6.512052300000000264e-04
6.236400000000000277e-02 5.550288660000000408e-03 6.626011859999999826e-04
6.318999999999999617e-02 3.508373240000000302e-03 6.281811830000000362e-04
6.401600000000000346e-02 4.704303029999999837e-03 6.627457700000000248e-04
6.484199999999998298e-02 5.417008980000000487e-03 6.414299170000000230e-04
6.566799999999999027e-02 5.164942369999999880e-03 5.970541800000000055e-04
6.649399999999998367e-02 3.904543739999998247e-03 6.225547699999999483e-04
6.732000000000000484e-02 4.970911459999998762e-03 6.313491149999999903e-04
6.814599999999998436e-02 4.505973979999999476e-03 5.981157559999999897e-04
6.897200000000001940e-02 4.232480260000001833e-03 6.127843039999999845e-04
6.979800000000001281e-02 4.095980070000001388e-03 6.112231960000000155e-04
7.062400000000002009e-02 3.850353969999999529e-03 5.691635970000000254e-04
7.144999999999998574e-02 3.703414840000001339e-03 5.613840910000000200e-04
7.227600000000002078e-02 3.171202450000000506e-03 5.908679059999999775e-04
7.310200000000001419e-02 3.593741269999999044e-03 5.643015100000000391e-04
7.392799999999997984e-02 4.016258699999999786e-03 5.502376640000000273e-04
7.475400000000000100e-02 3.699923329999999042e-03 5.301909270000000271e-04
7.557999999999998053e-02 3.193814870000001409e-03 5.684716930000000218e-04
7.640599999999998782e-02 2.866707520000000980e-03 5.225920170000000406e-04
7.723199999999998122e-02 2.235069339999999627e-03 5.533223950000000198e-04
7.805800000000001626e-02 3.289527040000001130e-03 5.139985449999999846e-04
7.888399999999999579e-02 3.097575039999999388e-03 5.280843070000000279e-04
7.971000000000001695e-02 3.350089520000001063e-03 5.151095370000000539e-04
8.053599999999998260e-02 2.468151569999998615e-03 4.885590660000000167e-04
8.136200000000001764e-02 2.711748419999999125e-03 5.218443419999999749e-04
8.218799999999998329e-02 2.822957069999998923e-03 4.751094270000000091e-04
8.301399999999999058e-02 2.576301960000000526e-03 5.094040519999999857e-04
8.384000000000001174e-02 2.557893889999999799e-03 4.878008839999999763e-04
8.466599999999999127e-02 2.174930260000000094e-03 4.657712019999999753e-04
8.549199999999999855e-02 2.123317610000000164e-03 5.017307930000000117e-04
8.631800000000001971e-02 2.355114740000000678e-03 4.984507649999999788e-04
8.714399999999999924e-02 1.854331820000000488e-03 4.878393800000000021e-04
8.797000000000002040e-02 2.362283120000000999e-03 5.302958409999999640e-04
8.879599999999999993e-02 1.706017040000000051e-03 4.740415359999999964e-04
8.962200000000000721e-02 2.362779410000000711e-03 4.913099470000000055e-04
9.044799999999998674e-02 2.376790990000000100e-03 5.022291570000000016e-04
9.127399999999999403e-02 2.254240190000000345e-03 4.750685470000000224e-04
9.210000000000000131e-02 2.183039670000000258e-03 4.926479470000000391e-04
9.292599999999999472e-02 2.316353660000000127e-03 4.992436129999999533e-04
9.375199999999998812e-02 2.573813350000000218e-03 4.992922869999999675e-04
9.457800000000000928e-02 2.232442989999998927e-03 5.018147140000000237e-04
9.540399999999998881e-02 1.588378570000000640e-03 4.847985900000000166e-04
9.622999999999999610e-02 2.471708060000001473e-03 4.939506080000000089e-04
9.705600000000001726e-02 2.047700219999999075e-03 4.517910640000000135e-04
9.788200000000001066e-02 1.735625390000000799e-03 4.760162379999999748e-04
9.870800000000003183e-02 2.522485579999999509e-03 4.703729690000000197e-04
9.953399999999999748e-02 1.656910360000000667e-03 4.721650379999999870e-04
1.003600000000000186e-01 7.923699560000003160e-04 4.548158859999999987e-04
1.011859999999999982e-01 2.316105449999999663e-03 4.841490160000000063e-04
1.020120000000000055e-01 1.532923240000000614e-03 4.448869439999999912e-04
1.028379999999999989e-01 1.268898199999999275e-03 4.193828149999999865e-04
1.036640000000000200e-01 2.195916479999999397e-03 4.619816580000000073e-04
1.044900000000000134e-01 2.196267620000000136e-03 4.704782100000000052e-04
1.053160000000000068e-01 1.800455570000000392e-03 4.552037519999999754e-04
1.061420000000000002e-01 1.645429460000000232e-03 4.546372220000000118e-04
1.069679999999999936e-01 1.936399459999999786e-03 4.527457810000000264e-04
1.077940000000000148e-01 2.028731150000000465e-03 4.422029899999999937e-04
1.086199999999999943e-01 1.803290230000000743e-03 4.483467169999999741e-04
1.094469999999999887e-01 1.050103649999999719e-03 4.261774159999999869e-04
1.102729999999999821e-01 1.464843899999999401e-03 4.616984080000000198e-04
1.110990000000000033e-01 2.153895219999998542e-03 4.767485760000000124e-04
1.119249999999999828e-01 8.982399999999995856e-04 4.476818380000000246e-04
1.127510000000000179e-01 1.820311099999999838e-03 4.915309329999999633e-04
1.135770000000000113e-01 1.783928879999999466e-03 4.180610159999999980e-04
1.144029999999999908e-01 1.009576329999999859e-03 4.217345370000000204e-04
1.152289999999999842e-01 1.308348849999999832e-03 4.276172859999999775e-04
1.160549999999999915e-01 1.558909269999999821e-03 4.262819030000000037e-04
1.168810000000000127e-01 1.232053940000000028e-03 4.271092450000000033e-04
1.177070000000000061e-01 2.413808989999998572e-03 4.278930760000000124e-04
1.185330000000000134e-01 1.318405070000000078e-03 4.319216690000000241e-04
1.193590000000000068e-01 1.354460889999999952e-03 4.022590909999999875e-04
1.201850000000000002e-01 2.096644519999999162e-03 4.086222090000000105e-04
1.210109999999999797e-01 1.809721660000000211e-03 4.014755699999999865e-04
1.218369999999999870e-01 1.313720530000000476e-03 3.797898520000000163e-04
1.226630000000000081e-01 8.722963639999995735e-04 3.961210919999999958e-04
1.234890000000000154e-01 1.969252649999999900e-03 4.107675509999999999e-04
1.243150000000000088e-01 1.050058500000000368e-03 3.790235259999999917e-04
1.251410000000000022e-01 1.125632030000000422e-03 3.807213159999999733e-04
1.259669999999999956e-01 1.821278679999999628e-03 4.042222809999999954e-04
1.267929999999999890e-01 1.015415739999999626e-03 4.065219800000000072e-04
1.276190000000000102e-01 9.747881330000004226e-04 3.665694790000000036e-04
1.284450000000000036e-01 1.185346220000000304e-03 3.759591089999999810e-04
1.292709999999999970e-01 1.744082319999999686e-03 3.822510039999999941e-04
1.300969999999999904e-01 8.566409829999999592e-04 3.734903629999999897e-04
1.309229999999999838e-01 1.487751729999999733e-03 3.814220710000000092e-04
1.317489999999999772e-01 6.314771900000001881e-04 3.639946339999999858e-04
1.325749999999999984e-01 1.119995480000000182e-03 3.697409820000000001e-04
1.334009999999999918e-01 7.827623250000000001e-04 3.485849739999999928e-04
1.342270000000000130e-01 1.401717660000000422e-03 3.547521490000000088e-04
1.350530000000000064e-01 3.571301619999998314e-04 3.598926399999999933e-04
1.358789999999999998e-01 1.371998409999999370e-03 3.794642329999999746e-04
1.367049999999999932e-01 1.289797199999999713e-03 3.591484259999999759e-04
1.375309999999999866e-01 8.341136740000001677e-04 3.398056929999999855e-04
1.383569999999999800e-01 1.243907250000000127e-03 3.691330149999999988e-04
1.391830000000000012e-01 1.201040129999999921e-03 3.467815520000000159e-04
1.400089999999999946e-01 1.463342050000000522e-03 3.449996500000000266e-04
1.408350000000000157e-01 1.036714889999999691e-03 3.655566689999999912e-04
1.416610000000000091e-01 1.493288119999999471e-03 3.439385940000000245e-04
1.424870000000000025e-01 1.352045320000000743e-03 3.562403540000000130e-04
1.433129999999999959e-01 7.642654530000001162e-04 3.378811760000000010e-04
1.441389999999999894e-01 1.094561449999999691e-03 3.392886739999999984e-04
1.449649999999999828e-01 1.247376269999999916e-03 3.402665500000000092e-04
1.457910000000000039e-01 1.323019599999999919e-03 3.473195010000000170e-04
1.466169999999999973e-01 1.085130720000000498e-03 3.225416189999999938e-04
1.474429999999999907e-01 9.197376609999995340e-04 3.480468069999999954e-04
1.482690000000000119e-01 9.470661509999996020e-04 3.486323700000000178e-04
1.490950000000000053e-01 3.250580830000000246e-04 3.326127719999999845e-04
