3.311000000000000575e-03 1.835402289999999992e+00 5.435144219999999970e-01
3.481000000000000587e-03 1.264220909999999920e+00 4.032908390000000121e-01
3.650999999999999732e-03 1.395121760000000100e+00 3.774573660000000164e-01
3.820000000000001346e-03 5.734216250000000459e-01 3.056947269999999994e-01
3.990000000000001358e-03 1.181405500000000108e+00 2.891857740000000065e-01
4.160000000000000503e-03 1.334221429999999931e+00 2.603503180000000250e-01
4.330000000000001383e-03 1.093079789999999996e+00 2.639989010000000080e-01
4.498999999999999527e-03 1.431228390000000017e+00 2.364863020000000093e-01
4.668999999999997805e-03 1.096462449999999977e+00 2.299819810000000020e-01
4.839000000000002154e-03 8.569285840000000487e-01 2.161868150000000044e-01
5.009000000000003033e-03 8.454239390000000132e-01 1.887431990000000004e-01
5.178999999999999576e-03 1.334414910000000010e+00 2.074470459999999961e-01
5.347999999999998588e-03 1.256370229999999921e+00 1.850580840000000116e-01
5.518000000000000335e-03 1.041759700000000066e+00 1.755228349999999882e-01
5.688000000000000347e-03 7.805234060000000307e-01 1.542302939999999900e-01
5.858000000000001227e-03 5.177772659999999583e-01 1.518131659999999994e-01
5.943000000000002968e-03 8.932367930000000289e-01 7.072471989999999653e-02
6.282000000000002859e-03 8.713112579999999774e-01 5.995863459999999784e-02
6.622000000000002017e-03 8.862901850000000081e-01 5.408601369999999769e-02
6.961000000000001041e-03 7.797230280000000402e-01 4.835185919999999971e-02
7.301000000000002800e-03 7.188228920000000466e-01 4.376312770000000130e-02
7.641000000000000222e-03 7.205287270000000355e-01 4.354303419999999702e-02
7.979999999999995777e-03 6.108572709999999795e-01 3.938165999999999889e-02
8.320000000000001006e-03 5.677137690000000347e-01 3.625852529999999685e-02
8.659000000000000030e-03 6.126023069999999571e-01 3.630819980000000308e-02
8.999000000000003524e-03 6.160018229999999484e-01 3.431482169999999776e-02
9.339000000000000079e-03 4.829370350000000145e-01 3.221710409999999775e-02
9.677999999999995634e-03 5.664942539999999749e-01 3.255721730000000341e-02
1.001800000000000260e-02 4.949116310000000185e-01 2.946796709999999903e-02
1.035700000000000162e-02 4.792566189999999948e-01 2.827616700000000136e-02
1.069699999999999818e-02 4.458856370000000013e-01 2.782854820000000076e-02
1.103600000000000241e-02 4.293172650000000035e-01 2.603068659999999840e-02
1.137600000000000243e-02 4.570046300000000228e-01 2.546383259999999982e-02
1.171599999999999898e-02 4.096117470000000260e-01 2.418176179999999981e-02
1.205500000000000148e-02 3.924857119999999866e-01 2.279764819999999942e-02
1.239499999999999803e-02 4.061116679999999812e-01 2.361689239999999884e-02
1.273399999999999879e-02 3.577672709999999978e-01 2.138401430000000034e-02
1.307400000000000055e-02 3.560794239999999777e-01 2.076807320000000068e-02
1.341399999999999884e-02 3.349054009999999915e-01 2.055953669999999872e-02
1.375299999999999613e-02 3.102016610000000174e-01 1.884734979999999963e-02
1.409299999999999962e-02 3.393724750000000068e-01 1.976616299999999979e-02
1.443199999999999691e-02 2.700680979999999787e-01 1.748911809999999928e-02
1.477199999999999694e-02 2.728913969999999800e-01 1.713492949999999987e-02
1.511100000000000290e-02 2.674000389999999783e-01 1.727476249999999880e-02
1.545099999999999772e-02 2.773721239999999977e-01 1.721862940000000106e-02
1.579099999999999948e-02 2.594822849999999792e-01 1.591194719999999840e-02
1.613000000000000198e-02 2.357204400000000033e-01 1.538154620000000035e-02
1.646999999999999853e-02 2.367023950000000099e-01 1.528730849999999919e-02
1.680900000000000102e-02 2.387149040000000333e-01 1.516076230000000004e-02
1.714900000000000105e-02 2.229514220000000102e-01 1.417081459999999966e-02
1.748800000000000354e-02 2.145974979999999699e-01 1.381178899999999966e-02
1.782800000000000357e-02 2.021013690000000029e-01 1.351401070000000058e-02
1.816800000000000359e-02 1.951423480000000210e-01 1.310380589999999949e-02
1.850700000000000262e-02 1.666430409999999918e-01 1.167613990000000018e-02
1.884699999999999570e-02 1.948250050000000233e-01 1.258335269999999971e-02
1.918599999999999819e-02 1.719657270000000127e-01 1.182536160000000058e-02
1.952599999999999822e-02 1.824140720000000104e-01 1.227606940000000070e-02
1.986600000000000518e-02 1.550011040000000007e-01 1.101625139999999961e-02
2.020500000000000421e-02 1.665845880000000057e-01 1.110830659999999942e-02
2.054500000000000076e-02 1.554124440000000384e-01 1.080923230000000075e-02
2.088400000000000326e-02 1.580601729999999983e-01 1.089044689999999968e-02
2.122400000000000328e-02 1.678362670000000112e-01 1.110255809999999982e-02
2.156300000000000230e-02 1.310106779999999915e-01 9.801217399999999358e-03
2.190299999999999539e-02 1.531545489999999732e-01 1.047443020000000079e-02
2.224299999999999888e-02 1.382779259999999955e-01 9.959732120000000175e-03
2.258199999999999791e-02 1.313798170000000098e-01 9.845674270000000228e-03
2.292200000000000487e-02 1.426539129999999933e-01 9.707138009999999664e-03
2.326099999999999696e-02 1.317945530000000087e-01 9.451850379999999704e-03
2.360099999999999698e-02 1.179374749999999999e-01 8.890709610000000276e-03
2.394100000000000394e-02 1.154899420000000121e-01 8.882478799999999480e-03
2.427999999999999950e-02 1.197846060000000157e-01 8.744470940000000428e-03
2.436699999999999630e-02 1.185213700000000009e-01 3.829444679999999875e-03
2.519300000000000012e-02 1.130479060000000036e-01 3.800442350000000132e-03
2.601900000000000740e-02 1.009326569999999951e-01 3.431520940000000117e-03
2.684500000000000081e-02 8.896796449999998246e-02 3.275258129999999990e-03
2.767099999999999421e-02 7.889337419999999101e-02 2.992271250000000209e-03
2.849700000000000150e-02 7.979469449999999908e-02 2.972400689999999887e-03
2.932299999999999143e-02 7.320977750000000339e-02 2.758899070000000141e-03
3.014899999999999178e-02 7.458270699999998421e-02 2.721786060000000104e-03
3.097499999999999559e-02 6.669231300000000306e-02 2.627484800000000082e-03
3.180100000000000982e-02 5.969579909999999517e-02 2.464065159999999886e-03
3.262700000000000322e-02 5.959839890000000195e-02 2.343365730000000150e-03
3.345299999999998969e-02 5.507335639999999533e-02 2.299217960000000168e-03
3.427899999999999697e-02 5.125972059999999580e-02 2.145897989999999856e-03
3.510500000000000426e-02 4.948475539999998285e-02 2.169361490000000069e-03
3.593100000000000460e-02 4.341021509999999639e-02 1.957002370000000043e-03
3.675799999999999901e-02 4.415593690000001181e-02 1.950581540000000070e-03
3.758399999999999935e-02 4.024816349999999626e-02 1.829888000000000001e-03
3.840999999999999970e-02 3.620930220000000838e-02 1.741557909999999964e-03
3.923600000000000004e-02 3.748537510000000267e-02 1.761882719999999930e-03
4.006200000000000039e-02 3.205604299999999934e-02 1.591596360000000106e-03
4.088799999999999379e-02 3.156258509999999851e-02 1.589842720000000107e-03
4.171400000000000108e-02 2.973791589999999832e-02 1.545932290000000004e-03
4.254000000000000142e-02 2.847838460000000002e-02 1.532614710000000050e-03
4.336599999999999483e-02 2.802270929999999688e-02 1.480460639999999894e-03
4.419200000000000905e-02 2.447751939999999807e-02 1.350033309999999894e-03
4.501800000000000246e-02 2.356970439999999875e-02 1.364718420000000064e-03
4.584399999999999586e-02 2.533556880000000303e-02 1.375087610000000045e-03
4.666999999999999621e-02 2.202002109999999860e-02 1.302600359999999974e-03
4.749599999999998962e-02 2.302199880000000212e-02 1.271781100000000074e-03
4.832199999999999690e-02 2.057396519999999882e-02 1.181572870000000084e-03
4.914800000000000418e-02 1.832560080000000466e-02 1.157451240000000004e-03
4.997400000000000453e-02 1.848517519999999872e-02 1.121375590000000004e-03
5.080000000000000487e-02 1.677157469999999637e-02 1.129251080000000067e-03
5.162599999999998440e-02 1.776762470000000510e-02 1.112649829999999996e-03
5.245200000000000556e-02 1.588041110000000186e-02 1.041256979999999940e-03
5.327799999999999897e-02 1.692373880000000441e-02 1.087672839999999927e-03
5.410399999999998544e-02 1.453544690000000209e-02 9.845580619999999301e-04
5.492999999999999966e-02 1.291915710000000363e-02 9.570994139999999643e-04
5.575599999999999307e-02 1.426090450000000107e-02 9.913590669999999827e-04
5.658199999999999341e-02 1.452959190000000129e-02 9.854147540000000177e-04
5.740800000000000070e-02 1.349147180000000168e-02 9.550271149999999768e-04
5.823400000000000798e-02 1.155843100000000269e-02 8.704466430000000129e-04
5.906000000000000139e-02 1.241800649999999680e-02 9.460630540000000265e-04
5.988600000000000173e-02 1.107366659999999871e-02 8.512318940000000419e-04
6.071200000000001595e-02 1.161274799999999739e-02 8.575275419999999664e-04
6.153800000000000242e-02 9.488269080000000244e-03 7.919385740000000435e-04
6.236400000000000277e-02 1.015365870000000011e-02 7.992400019999999902e-04
6.318999999999999617e-02 9.052538740000001111e-03 8.067686460000000458e-04
6.401600000000000346e-02 8.387787890000003230e-03 7.713080809999999562e-04
6.484199999999998298e-02 8.828731480000002671e-03 7.488546459999999901e-04
6.566799999999999027e-02 8.718872589999999284e-03 7.106263700000000488e-04
6.649399999999998367e-02 8.055642089999997049e-03 7.516465749999999991e-04
6.732000000000000484e-02 8.604459190000000174e-03 7.455300180000000356e-04
6.814599999999998436e-02 8.004794129999999452e-03 7.060007380000000088e-04
6.897200000000001940e-02 7.148518359999998101e-03 7.013134680000000397e-04
6.979800000000001281e-02 7.128420129999998509e-03 7.064697890000000337e-04
7.062400000000002009e-02 6.455523760000000770e-03 6.534546349999999920e-04
7.144999999999998574e-02 6.987666680000002503e-03 6.649045769999999871e-04
7.227600000000002078e-02 5.464398249999999520e-03 6.630985219999999602e-04
7.310200000000001419e-02 4.924191979999999191e-03 6.086797520000000218e-04
7.392799999999997984e-02 6.991024590000001308e-03 6.408695870000000053e-04
7.475400000000000100e-02 5.251906399999998164e-03 5.844031299999999634e-04
7.557999999999998053e-02 5.199204219999997191e-03 6.307634610000000062e-04
7.640599999999998782e-02 6.476254250000002335e-03 6.371307899999999538e-04
7.723199999999998122e-02 4.756805740000000747e-03 6.321904279999999467e-04
7.805800000000001626e-02 5.419068780000001195e-03 5.830823060000000363e-04
7.888399999999999579e-02 5.662716600000001002e-03 6.087088549999999584e-04
7.971000000000001695e-02 5.702521549999999863e-03 5.881128239999999698e-04
8.053599999999998260e-02 4.628813810000000951e-03 5.616190999999999978e-04
8.136200000000001764e-02 4.336817479999997837e-03 5.741561950000000168e-04
8.218799999999998329e-02 5.411527779999997928e-03 5.588015369999999602e-04
8.301399999999999058e-02 4.254228660000001355e-03 5.616666840000000306e-04
8.384000000000001174e-02 3.849140520000001418e-03 5.330868300000000427e-04
8.466599999999999127e-02 5.120372300000002042e-03 5.670478139999999938e-04
8.549199999999999855e-02 4.002147520000000694e-03 5.638465779999999759e-04
8.631800000000001971e-02 4.539168849999999748e-03 5.690850069999999622e-04
8.714399999999999924e-02 4.215352099999998201e-03 5.699762760000000143e-04
8.797000000000002040e-02 3.858544259999998737e-03 5.742925229999999801e-04
8.879599999999999993e-02 4.161241909999998517e-03 5.597066059999999477e-04
8.962200000000000721e-02 4.816740650000000783e-03 5.739496639999999792e-04
9.044799999999998674e-02 3.794389020000001663e-03 5.489940959999999644e-04
9.127399999999999403e-02 4.626486939999999680e-03 5.581375360000000261e-04
9.210000000000000131e-02 4.055972299999999371e-03 5.554652380000000200e-04
9.292599999999999472e-02 3.747317340000000385e-03 5.472268700000000423e-04
9.375199999999998812e-02 3.532665759999998635e-03 5.329238130000000379e-04
9.457800000000000928e-02 3.172129860000001429e-03 5.357799379999999461e-04
9.540399999999998881e-02 3.453417419999999915e-03 5.469738359999999893e-04
9.622999999999999610e-02 3.845510709999998798e-03 5.400544909999999794e-04
9.705600000000001726e-02 3.763544000000000177e-03 5.138120899999999583e-04
9.788200000000001066e-02 3.779468139999998810e-03 5.442527789999999834e-04
9.870800000000003183e-02 5.056992390000001648e-03 5.609823379999999676e-04
9.953399999999999748e-02 3.605196079999998995e-03 5.353901079999999566e-04
1.003600000000000186e-01 2.591645489999998969e-03 5.179356179999999909e-04
1.011859999999999982e-01 3.002389309999998600e-03 5.097130910000000330e-04
1.020120000000000055e-01 3.643733809999999927e-03 5.180544240000000376e-04
1.028379999999999989e-01 3.418810450000000795e-03 5.004234069999999486e-04
1.036640000000000200e-01 3.881264659999999252e-03 5.179308159999999883e-04
1.044900000000000134e-01 3.596413570000001753e-03 5.215477810000000497e-04
1.053160000000000068e-01 2.781343729999999608e-03 4.896505660000000180e-04
1.061420000000000002e-01 2.313378099999998782e-03 4.785358770000000040e-04
1.069679999999999936e-01 3.294404190000000884e-03 5.002461349999999833e-04
1.077940000000000148e-01 3.033708879999999063e-03 4.785747040000000083e-04
1.086199999999999943e-01 3.160861359999999481e-03 4.983267429999999575e-04
1.094469999999999887e-01 2.763147210000000981e-03 4.860686209999999941e-04
1.102729999999999821e-01 2.420227999999999529e-03 4.954061830000000208e-04
1.110990000000000033e-01 2.391038439999999821e-03 4.839155860000000074e-04
1.119249999999999828e-01 1.619775279999999262e-03 4.744353569999999764e-04
1.127510000000000179e-01 2.219193960000000448e-03 5.049579289999999712e-04
1.135770000000000113e-01 3.100946770000001518e-03 4.643265969999999855e-04
1.144029999999999908e-01 2.019481889999999533e-03 4.602983300000000264e-04
1.152289999999999842e-01 2.689281589999999774e-03 4.755127439999999920e-04
1.160549999999999915e-01 2.628861499999999435e-03 4.625383410000000152e-04
1.168810000000000127e-01 1.895964110000000844e-03 4.506852110000000096e-04
1.177070000000000061e-01 2.857688179999999436e-03 4.405449400000000003e-04
1.185330000000000134e-01 1.850008009999999734e-03 4.498401200000000247e-04
1.193590000000000068e-01 2.390591260000000766e-03 4.389919790000000035e-04
1.201850000000000002e-01 3.123087219999998339e-03 4.403618479999999802e-04
1.210109999999999797e-01 2.805566910000000923e-03 4.336980880000000215e-04
1.218369999999999870e-01 2.292400309999999622e-03 4.137953120000000050e-04
1.226630000000000081e-01 1.914904530000000743e-03 4.313216800000000198e-04
1.234890000000000154e-01 2.598110859999999429e-03 4.301473389999999736e-04
1.243150000000000088e-01 1.978831890000000687e-03 4.100936529999999846e-04
1.251410000000000022e-01 2.217879619999999982e-03 4.169655400000000004e-04
1.259669999999999956e-01 1.924875030000000901e-03 4.075997900000000130e-04
1.267929999999999890e-01 1.979815199999999421e-03 4.356368389999999962e-04
1.276190000000000102e-01 2.522776610000000176e-03 4.162431170000000262e-04
1.284450000000000036e-01 2.616037189999999985e-03 4.202197459999999969e-04
1.292709999999999970e-01 2.218686630000000614e-03 3.981047839999999932e-04
1.300969999999999904e-01 1.903833240000000733e-03 4.074051519999999957e-04
1.309229999999999838e-01 1.536852210000000255e-03 3.829553990000000136e-04
1.317489999999999772e-01 2.259551920000000928e-03 4.135197049999999978e-04
1.325749999999999984e-01 1.932536719999999831e-03 3.966011239999999989e-04
1.334009999999999918e-01 2.311597169999999625e-03 3.969493250000000130e-04
1.342270000000000130e-01 2.033194710000000519e-03 3.756950329999999769e-04
1.350530000000000064e-01 1.367413349999999301e-03 3.901689420000000125e-04
1.358789999999999998e-01 1.659617449999999453e-03 3.885882429999999916e-04
1.367049999999999932e-01 1.874123000000000325e-03 3.781969999999999841e-04
1.375309999999999866e-01 2.275089740000001051e-03 3.851171670000000163e-04
1.383569999999999800e-01 1.756495779999999330e-03 3.846993589999999860e-04
1.391830000000000012e-01 2.282000250000000476e-03 3.792607019999999843e-04
1.400089999999999946e-01 2.332212580000000458e-03 3.732435210000000230e-04
1.408350000000000157e-01 1.502762140000000026e-03 3.802252610000000270e-04
1.416610000000000091e-01 2.850521709999998855e-03 3.842163959999999852e-04
1.424870000000000025e-01 1.543506129999999742e-03 3.621097909999999821e-04
1.433129999999999959e-01 2.209900369999999708e-03 3.812271329999999980e-04
1.441389999999999894e-01 1.730003979999999260e-03 3.594574449999999948e-04
1.449649999999999828e-01 1.919956949999999897e-03 3.609090170000000099e-04
1.457910000000000039e-01 2.072434400000000738e-03 3.687285970000000242e-04
1.466169999999999973e-01 2.296915979999998754e-03 3.608559389999999750e-04
1.474429999999999907e-01 1.229544079999999413e-03 3.573459230000000132e-04
1.482690000000000119e-01 1.766823959999999031e-03 3.729866350000000203e-04
1.490950000000000053e-01 1.498343019999999340e-03 3.673935279999999883e-04
1.499210000000000265e-01 2.121482400000000192e-03 3.834304400000000104e-04
1.507469999999999921e-01 2.250404290000000695e-03 3.498045100000000225e-04
1.515730000000000133e-01 1.656178760000000553e-03 3.628617350000000116e-04
1.523990000000000344e-01 2.340650290000000685e-03 3.594451380000000026e-04
1.532249999999999723e-01 1.621783420000000395e-03 3.642751099999999988e-04
1.540509999999999935e-01 1.482138180000000180e-03 3.359291590000000171e-04
1.548769999999999869e-01 1.651941550000000057e-03 3.376243560000000057e-04
1.557029999999999803e-01 8.322428830000002309e-04 3.407458309999999773e-04
1.565290000000000015e-01 1.214675219999999901e-03 3.408748459999999970e-04
1.573549999999999949e-01 1.902226949999999157e-03 3.520669499999999987e-04
1.581809999999999883e-01 1.473253140000000197e-03 3.355664879999999801e-04
1.590070000000000094e-01 2.430301150000000864e-03 3.455847180000000212e-04
1.598330000000000028e-01 2.080696300000000470e-03 3.302634269999999935e-04
1.606589999999999963e-01 1.207466290000000280e-03 3.269391430000000197e-04
1.614850000000000174e-01 9.724994200000000978e-04 3.349609520000000227e-04
1.623110000000000386e-01 1.274921600000000245e-03 3.244557470000000200e-04
1.631369999999999765e-01 1.685577989999999466e-03 3.529025729999999772e-04
1.639629999999999976e-01 1.768539679999999847e-03 3.199175710000000156e-04
1.647889999999999633e-01 1.749206640000000590e-03 3.502813990000000076e-04
1.656150000000000122e-01 1.574980770000000089e-03 3.025718170000000020e-04
1.664410000000000334e-01 4.324240059999999138e-04 3.301141030000000263e-04
1.672669999999999990e-01 1.134697660000000014e-03 3.261530419999999738e-04
1.680930000000000202e-01 1.707935880000000439e-03 3.282426230000000237e-04
1.689190000000000136e-01 1.757492130000000603e-03 3.322843270000000134e-04
