3.481000000000000587e-03 6.731836759999999531e-01 3.908222550000000073e-01
3.650999999999999732e-03 1.179050020000000032e+00 3.758237910000000181e-01
3.820000000000001346e-03 1.158479250000000071e+00 3.020960320000000143e-01
3.990000000000001358e-03 5.979228680000000518e-01 2.865385380000000093e-01
4.160000000000000503e-03 1.033805990000000063e+00 2.488995220000000119e-01
4.330000000000001383e-03 1.030175180000000079e+00 2.534797289999999870e-01
4.498999999999999527e-03 8.682362850000000520e-01 2.337568100000000093e-01
4.668999999999997805e-03 1.019599359999999955e+00 2.288538730000000132e-01
4.839000000000002154e-03 1.195370639999999929e+00 2.121416780000000002e-01
5.009000000000003033e-03 1.157287340000000109e+00 2.062582799999999883e-01
5.178999999999999576e-03 1.319675719999999997e+00 1.892211370000000115e-01
5.347999999999998588e-03 7.968574560000000195e-01 1.626178010000000063e-01
5.518000000000000335e-03 8.750711359999999717e-01 1.642409800000000086e-01
5.603000000000001209e-03 9.305038669999999845e-01 1.017391170000000039e-01
5.943000000000002968e-03 8.785107819999999901e-01 6.777919820000000151e-02
6.282000000000002859e-03 7.314907400000000282e-01 5.720937529999999688e-02
6.622000000000002017e-03 7.582992170000000254e-01 5.051223900000000044e-02
6.961000000000001041e-03 7.494761699999999971e-01 4.693851079999999953e-02
7.301000000000002800e-03 7.494614210000000165e-01 4.575158829999999982e-02
7.641000000000000222e-03 5.736982630000000416e-01 3.852343140000000221e-02
7.979999999999995777e-03 6.095002959999999970e-01 3.894889249999999858e-02
8.320000000000001006e-03 6.520002289999999867e-01 3.808793149999999822e-02
8.659000000000000030e-03 6.019750750000000261e-01 3.545250870000000304e-02
8.999000000000003524e-03 5.237966800000000145e-01 3.255222879999999930e-02
9.339000000000000079e-03 5.286647410000000491e-01 3.171549700000000221e-02
9.677999999999995634e-03 4.701638040000000185e-01 2.925770559999999951e-02
1.001800000000000260e-02 4.397492490000000087e-01 2.714614369999999999e-02
1.035700000000000162e-02 4.017799160000000147e-01 2.583371019999999851e-02
1.069699999999999818e-02 4.336124439999999858e-01 2.594777729999999880e-02
1.103600000000000241e-02 4.437732409999999850e-01 2.603769380000000092e-02
1.137600000000000243e-02 4.073304400000000158e-01 2.473396240000000010e-02
1.171599999999999898e-02 4.308692089999999753e-01 2.469632630000000162e-02
1.205500000000000148e-02 3.881125009999999986e-01 2.276739560000000037e-02
1.239499999999999803e-02 3.780053179999999791e-01 2.205526210000000042e-02
1.273399999999999879e-02 3.664991400000000010e-01 2.210085070000000068e-02
1.307400000000000055e-02 3.096906960000000431e-01 1.986008809999999930e-02
1.341399999999999884e-02 3.209484200000000120e-01 1.986146030000000146e-02
1.375299999999999613e-02 3.232237000000000027e-01 1.905690300000000004e-02
1.409299999999999962e-02 2.992489070000000639e-01 1.840214269999999874e-02
1.443199999999999691e-02 2.928424900000000108e-01 1.784311499999999967e-02
1.477199999999999694e-02 3.018798939999999820e-01 1.767992950000000021e-02
1.511100000000000290e-02 2.598739860000000013e-01 1.691862959999999860e-02
1.545099999999999772e-02 2.552324559999999964e-01 1.628948090000000015e-02
1.579099999999999948e-02 2.196326259999999975e-01 1.509800030000000085e-02
1.613000000000000198e-02 2.106127000000000138e-01 1.453514889999999934e-02
1.646999999999999853e-02 2.174274280000000337e-01 1.452001529999999950e-02
1.680900000000000102e-02 2.045888830000000269e-01 1.408919510000000014e-02
1.714900000000000105e-02 1.829534740000000048e-01 1.291488139999999972e-02
1.748800000000000354e-02 1.880908779999999614e-01 1.279499610000000079e-02
1.782800000000000357e-02 1.695566759999999618e-01 1.251315840000000006e-02
1.816800000000000359e-02 1.842768450000000224e-01 1.267218410000000087e-02
1.850700000000000262e-02 1.720887200000000283e-01 1.218546589999999936e-02
1.884699999999999570e-02 1.503377670000000110e-01 1.121095019999999998e-02
1.918599999999999819e-02 1.527694910000000073e-01 1.136248530000000083e-02
1.952599999999999822e-02 1.433587420000000390e-01 1.064909500000000078e-02
1.986600000000000518e-02 1.308278340000000040e-01 1.033809720000000015e-02
2.020500000000000421e-02 1.196982350000000001e-01 9.748635429999999436e-03
2.054500000000000076e-02 1.204018699999999942e-01 9.846527190000000859e-03
2.088400000000000326e-02 1.195741129999999819e-01 9.393869399999999273e-03
2.122400000000000328e-02 1.307722909999999850e-01 9.846711770000000571e-03
2.156300000000000230e-02 1.260883260000000006e-01 9.320972769999999810e-03
2.190299999999999539e-02 1.257774369999999919e-01 9.468352330000000608e-03
2.224299999999999888e-02 9.900776740000001575e-02 8.329146529999999563e-03
2.258199999999999791e-02 1.008825589999999967e-01 8.528309530000000027e-03
2.292200000000000487e-02 9.462820249999998046e-02 8.304862059999999421e-03
2.326099999999999696e-02 1.028022830000000082e-01 8.397434380000000712e-03
2.360099999999999698e-02 8.012914950000001035e-02 7.333751070000000052e-03
2.436699999999999630e-02 8.477019899999999053e-02 3.328264279999999797e-03
2.519300000000000012e-02 7.861905919999997994e-02 3.158599819999999975e-03
2.601900000000000740e-02 7.273955109999999391e-02 2.981061310000000190e-03
2.684500000000000081e-02 6.721680389999999672e-02 2.890042619999999909e-03
2.767099999999999421e-02 5.976078149999999867e-02 2.698122549999999818e-03
2.849700000000000150e-02 5.592176790000001618e-02 2.490547499999999810e-03
2.932299999999999143e-02 5.289896240000000610e-02 2.376894510000000186e-03
3.014899999999999178e-02 4.972378939999999581e-02 2.241629619999999882e-03
3.097499999999999559e-02 4.001134910000000988e-02 2.143868909999999996e-03
3.180100000000000982e-02 4.119879530000001427e-02 2.030298099999999859e-03
3.262700000000000322e-02 3.832428090000000037e-02 1.938966820000000060e-03
3.345299999999998969e-02 3.457952489999999157e-02 1.888466730000000005e-03
3.427899999999999697e-02 3.454532959999999375e-02 1.763765509999999951e-03
3.510500000000000426e-02 2.601352340000000554e-02 1.644898330000000089e-03
3.593100000000000460e-02 3.038286330000000701e-02 1.647300399999999899e-03
3.675799999999999901e-02 2.407905080000000489e-02 1.534255910000000044e-03
3.758399999999999935e-02 2.595721620000000784e-02 1.539833449999999937e-03
3.840999999999999970e-02 2.551168479999999655e-02 1.494032219999999944e-03
3.923600000000000004e-02 2.268814669999999825e-02 1.450380659999999993e-03
4.006200000000000039e-02 2.083155779999999735e-02 1.346385380000000073e-03
4.088799999999999379e-02 1.882333300000000459e-02 1.307937099999999936e-03
4.171400000000000108e-02 1.854722959999999601e-02 1.312236249999999913e-03
4.254000000000000142e-02 1.928115850000000284e-02 1.230241800000000029e-03
4.336599999999999483e-02 1.737947540000000374e-02 1.204397729999999965e-03
4.419200000000000905e-02 1.710578020000000019e-02 1.182439939999999903e-03
4.501800000000000246e-02 1.537944660000000255e-02 1.152016010000000024e-03
4.584399999999999586e-02 1.518021029999999660e-02 1.096462280000000053e-03
4.666999999999999621e-02 1.428046449999999939e-02 1.075529669999999906e-03
4.749599999999998962e-02 1.165138599999999795e-02 9.898844400000000963e-04
4.832199999999999690e-02 1.234098079999999993e-02 1.023419999999999929e-03
4.914800000000000418e-02 1.403302849999999574e-02 1.027442809999999955e-03
4.997400000000000453e-02 1.107598720000000161e-02 9.612355810000000177e-04
5.080000000000000487e-02 9.643769200000000888e-03 9.112831849999999479e-04
5.162599999999998440e-02 1.090688120000000115e-02 9.368777959999999858e-04
5.245200000000000556e-02 9.788769630000002803e-03 8.737081190000000165e-04
5.327799999999999897e-02 8.453569200000001990e-03 8.336934569999999512e-04
5.410399999999998544e-02 8.399142799999996870e-03 8.095620430000000436e-04
5.492999999999999966e-02 7.808194010000003502e-03 8.185604460000000301e-04
5.575599999999999307e-02 9.091594620000002444e-03 7.984014679999999883e-04
5.658199999999999341e-02 7.518359439999997874e-03 7.960712360000000076e-04
5.740800000000000070e-02 8.672212279999995735e-03 7.631921669999999769e-04
5.823400000000000798e-02 6.207614419999998509e-03 7.211278539999999579e-04
5.906000000000000139e-02 6.625191970000002088e-03 7.621377259999999971e-04
5.988600000000000173e-02 6.764037069999996772e-03 7.190326730000000041e-04
6.071200000000001595e-02 7.702834719999997540e-03 7.575129730000000226e-04
6.153800000000000242e-02 6.578813569999997918e-03 6.865886530000000132e-04
6.236400000000000277e-02 5.681673679999997215e-03 6.915035429999999948e-04
6.318999999999999617e-02 4.015280260000000240e-03 6.282779269999999843e-04
6.401600000000000346e-02 5.952731739999997211e-03 6.781184139999999871e-04
6.484199999999998298e-02 5.484951969999998789e-03 6.409498190000000126e-04
6.566799999999999027e-02 4.997150759999999248e-03 6.206488509999999719e-04
6.649399999999998367e-02 5.940211799999999334e-03 6.298268759999999661e-04
6.732000000000000484e-02 5.049477919999999925e-03 6.162430840000000321e-04
6.814599999999998436e-02 4.076683220000000205e-03 6.033939540000000110e-04
6.897200000000001940e-02 4.046317489999998705e-03 6.229091890000000532e-04
6.979800000000001281e-02 3.540692590000000910e-03 6.027395230000000010e-04
7.062400000000002009e-02 3.433592439999999611e-03 5.948539750000000122e-04
7.144999999999998574e-02 3.951886420000000864e-03 5.809273459999999894e-04
7.227600000000002078e-02 3.956553579999999223e-03 5.593004310000000007e-04
7.310200000000001419e-02 4.099720770000001534e-03 5.789057280000000196e-04
7.392799999999997984e-02 3.336483510000000461e-03 5.295738030000000235e-04
7.475400000000000100e-02 2.979758100000000354e-03 5.594255850000000524e-04
7.557999999999998053e-02 3.024083699999999264e-03 5.054590190000000189e-04
7.640599999999998782e-02 3.866593940000000781e-03 5.592798840000000283e-04
7.723199999999998122e-02 2.986934249999999118e-03 5.239281409999999809e-04
7.805800000000001626e-02 3.219418420000000423e-03 5.255251250000000365e-04
7.888399999999999579e-02 3.461304090000001926e-03 5.131412530000000177e-04
7.971000000000001695e-02 2.723098659999999283e-03 4.997198489999999998e-04
8.053599999999998260e-02 3.573692600000000479e-03 5.105319870000000083e-04
8.136200000000001764e-02 2.851931469999999681e-03 4.616802939999999750e-04
8.218799999999998329e-02 1.677895030000000742e-03 4.796533209999999880e-04
8.301399999999999058e-02 2.035382019999999129e-03 5.051100669999999699e-04
8.384000000000001174e-02 3.922495620000001661e-03 5.103984870000000205e-04
8.466599999999999127e-02 2.080079350000001073e-03 4.658319649999999854e-04
8.549199999999999855e-02 3.129980820000000281e-03 4.984093539999999998e-04
8.631800000000001971e-02 1.863772429999999451e-03 4.599086810000000184e-04
8.714399999999999924e-02 1.984870710000000756e-03 4.752959509999999765e-04
8.797000000000002040e-02 2.470902950000000622e-03 5.052826490000000273e-04
8.879599999999999993e-02 2.547968010000000675e-03 5.030032269999999825e-04
8.962200000000000721e-02 1.834439750000000898e-03 4.999815720000000277e-04
9.044799999999998674e-02 2.014184090000000101e-03 4.871011160000000080e-04
9.127399999999999403e-02 2.135086419999999204e-03 4.902842430000000154e-04
9.210000000000000131e-02 1.652420080000000045e-03 4.425132919999999817e-04
9.292599999999999472e-02 2.592572359999999014e-03 4.790311840000000118e-04
9.375199999999998812e-02 3.175087310000000544e-03 5.013436679999999472e-04
9.457800000000000928e-02 2.237237640000000905e-03 4.878917590000000112e-04
9.540399999999998881e-02 2.696564089999999025e-03 4.836481580000000073e-04
9.622999999999999610e-02 1.302819329999999531e-03 4.667533690000000247e-04
9.705600000000001726e-02 1.093763960000000484e-03 4.703383959999999850e-04
9.788200000000001066e-02 2.641625610000000908e-03 4.565601259999999906e-04
9.870800000000003183e-02 1.781272970000000004e-03 4.748216370000000021e-04
9.953399999999999748e-02 2.271630430000001061e-03 4.627763329999999998e-04
1.003600000000000186e-01 2.240145119999999764e-03 4.802086789999999777e-04
1.011859999999999982e-01 2.123165179999999055e-03 4.733003329999999824e-04
1.020120000000000055e-01 2.316422879999998925e-03 4.575251149999999957e-04
1.028379999999999989e-01 1.533684210000000681e-03 4.855452210000000255e-04
1.036640000000000200e-01 8.793912820000002661e-04 4.499796379999999808e-04
1.044900000000000134e-01 1.614290529999999396e-03 4.594361339999999765e-04
1.053160000000000068e-01 1.265576750000000500e-03 4.707461719999999857e-04
1.061420000000000002e-01 2.741625670000001364e-03 4.630996770000000247e-04
1.069679999999999936e-01 2.049695600000000888e-03 4.596215089999999815e-04
1.077940000000000148e-01 9.882605459999999065e-04 4.361609710000000214e-04
1.086199999999999943e-01 1.711477990000000258e-03 4.394795719999999893e-04
1.094469999999999887e-01 1.052390469999999910e-03 4.566207230000000135e-04
1.102729999999999821e-01 1.066950880000000490e-03 4.375611909999999895e-04
1.110990000000000033e-01 1.372209819999999645e-03 4.549024130000000059e-04
1.119249999999999828e-01 8.822199970000000864e-04 4.372646440000000083e-04
1.127510000000000179e-01 7.599596799999998233e-04 4.393924000000000115e-04
1.135770000000000113e-01 1.443851719999999627e-03 4.523062249999999979e-04
1.144029999999999908e-01 1.450584440000000398e-03 4.266034559999999751e-04
1.152289999999999842e-01 1.303927700000000536e-03 4.337603119999999942e-04
1.160549999999999915e-01 1.866562060000000840e-03 3.941351450000000101e-04
1.168810000000000127e-01 1.614243600000000002e-03 4.261206860000000163e-04
1.177070000000000061e-01 1.130544529999999871e-03 4.060367959999999906e-04
1.185330000000000134e-01 1.289947509999999752e-03 4.062005110000000254e-04
1.193590000000000068e-01 9.698675350000003723e-04 3.894478859999999970e-04
1.201850000000000002e-01 1.527182849999999398e-03 4.094129490000000056e-04
1.210109999999999797e-01 1.453276310000000153e-03 4.075905979999999880e-04
1.218369999999999870e-01 8.961706149999998806e-04 4.204215220000000067e-04
1.226630000000000081e-01 1.313169019999999585e-03 3.875523809999999875e-04
1.234890000000000154e-01 1.768199130000000160e-03 3.911384650000000068e-04
1.243150000000000088e-01 8.318817709999995480e-04 3.909386410000000034e-04
1.251410000000000022e-01 7.447564320000002892e-04 3.929593589999999916e-04
1.259669999999999956e-01 1.400201800000000062e-03 3.741375570000000234e-04
1.267929999999999890e-01 4.944227399999997575e-04 3.966928030000000196e-04
1.276190000000000102e-01 1.468647980000000212e-03 3.840651310000000218e-04
1.284450000000000036e-01 1.060302669999999654e-03 3.675692839999999940e-04
1.292709999999999970e-01 5.664986069999999830e-04 3.664522659999999883e-04
1.300969999999999904e-01 8.578078360000003814e-04 3.802293539999999895e-04
1.309229999999999838e-01 1.279771449999999797e-03 3.950787940000000131e-04
1.317489999999999772e-01 1.017022569999999912e-03 3.669262580000000025e-04
1.325749999999999984e-01 7.505305709999996822e-04 3.394502409999999967e-04
1.334009999999999918e-01 9.768064709999996209e-04 3.706362129999999960e-04
1.342270000000000130e-01 1.367851660000000405e-03 3.560132529999999866e-04
1.350530000000000064e-01 9.861247260000004667e-04 3.560912359999999816e-04
1.358789999999999998e-01 5.489013920000000279e-04 3.568509159999999993e-04
1.367049999999999932e-01 1.094633239999999712e-03 3.552151410000000125e-04
1.375309999999999866e-01 3.786440919999998242e-04 3.386653369999999925e-04
1.383569999999999800e-01 1.272591319999999806e-03 3.519794609999999865e-04
1.391830000000000012e-01 9.913951019999999760e-04 3.430760330000000237e-04
1.400089999999999946e-01 1.383927940000000004e-03 3.425296210000000120e-04
1.408350000000000157e-01 6.596296460000003557e-04 3.556693379999999768e-04
1.416610000000000091e-01 5.548006000000000291e-04 3.481485830000000028e-04
1.424870000000000025e-01 8.421914080000000510e-04 3.561698580000000254e-04
1.433129999999999959e-01 6.826369939999999597e-04 3.481185749999999961e-04
1.441389999999999894e-01 5.057705900000000320e-04 3.264782170000000007e-04
1.449649999999999828e-01 1.103557409999999465e-03 3.379856930000000063e-04
