3.650999999999999732e-03 2.482453659999999951e-01 3.413437329999999825e-01
3.820000000000001346e-03 7.819797120000000490e-01 2.848020960000000046e-01
3.990000000000001358e-03 3.784194399999999958e-01 2.781025169999999935e-01
4.160000000000000503e-03 5.235096489999999658e-01 2.238073210000000035e-01
4.330000000000001383e-03 2.372464840000000075e-01 2.128003659999999908e-01
4.498999999999999527e-03 6.022721210000000491e-01 2.230517140000000120e-01
4.668999999999997805e-03 1.799572180000000299e-01 1.865685990000000016e-01
4.839000000000002154e-03 5.130324109999999660e-01 1.768486979999999986e-01
5.009000000000003033e-03 4.086118029999999957e-01 1.679604470000000127e-01
5.178999999999999576e-03 5.388999789999999734e-01 1.407053490000000073e-01
5.347999999999998588e-03 2.287202789999999986e-01 1.279883209999999882e-01
5.518000000000000335e-03 4.692267370000000049e-01 1.409051990000000087e-01
5.688000000000000347e-03 4.442681459999999749e-01 1.338388929999999866e-01
5.858000000000001227e-03 2.044939549999999773e-01 1.190056129999999962e-01
6.282000000000002859e-03 3.665773520000000230e-01 4.891835380000000150e-02
6.622000000000002017e-03 3.675548269999999729e-01 4.122397530000000004e-02
6.961000000000001041e-03 3.263965529999999782e-01 3.682260209999999728e-02
7.301000000000002800e-03 3.231480219999999792e-01 3.453096590000000188e-02
7.641000000000000222e-03 2.941515989999999303e-01 3.106306610000000162e-02
7.979999999999995777e-03 3.236307359999999744e-01 3.187686640000000210e-02
8.320000000000001006e-03 3.023506590000000216e-01 2.871124070000000139e-02
8.659000000000000030e-03 3.199803190000000130e-01 2.819534380000000146e-02
8.999000000000003524e-03 2.981876259999999834e-01 2.612684220000000002e-02
9.339000000000000079e-03 2.590814069999999303e-01 2.446524929999999848e-02
9.677999999999995634e-03 2.834537850000000136e-01 2.384254619999999839e-02
1.001800000000000260e-02 2.747015910000000227e-01 2.226219509999999985e-02
1.035700000000000162e-02 2.396838719999999923e-01 2.114628959999999974e-02
1.069699999999999818e-02 2.429006360000000031e-01 2.010261630000000077e-02
1.103600000000000241e-02 2.253878900000000352e-01 1.972665909999999842e-02
1.137600000000000243e-02 1.992469500000000060e-01 1.846925669999999881e-02
1.171599999999999898e-02 2.297736459999999981e-01 1.910153499999999935e-02
1.205500000000000148e-02 1.959395500000000179e-01 1.682589279999999882e-02
1.239499999999999803e-02 1.886633769999999932e-01 1.625025349999999896e-02
1.273399999999999879e-02 1.891705379999999992e-01 1.691369759999999944e-02
1.307400000000000055e-02 2.033510869999999859e-01 1.677736250000000026e-02
1.341399999999999884e-02 1.628070650000000008e-01 1.464760589999999918e-02
1.375299999999999613e-02 1.665647359999999910e-01 1.433852059999999977e-02
1.409299999999999962e-02 1.725998729999999592e-01 1.420111930000000043e-02
1.443199999999999691e-02 1.754987679999999994e-01 1.423727150000000073e-02
1.477199999999999694e-02 1.452867539999999902e-01 1.263159099999999931e-02
1.511100000000000290e-02 1.665296049999999972e-01 1.395361189999999932e-02
1.545099999999999772e-02 1.521462000000000092e-01 1.295789410000000065e-02
1.579099999999999948e-02 1.483009259999999996e-01 1.272699809999999938e-02
1.613000000000000198e-02 1.452126310000000087e-01 1.233080639999999985e-02
1.646999999999999853e-02 1.219553079999999984e-01 1.132836870000000079e-02
1.680900000000000102e-02 1.278447630000000002e-01 1.141096450000000061e-02
1.714900000000000105e-02 1.246421989999999952e-01 1.087095180000000050e-02
1.748800000000000354e-02 1.153729899999999808e-01 1.021804970000000055e-02
1.782800000000000357e-02 9.780605080000000229e-02 9.908073970000000341e-03
1.816800000000000359e-02 1.174631339999999968e-01 1.033708759999999935e-02
1.850700000000000262e-02 1.065099089999999998e-01 9.842365299999999290e-03
1.884699999999999570e-02 9.592458849999997705e-02 9.235842240000000092e-03
1.918599999999999819e-02 1.056204810000000022e-01 9.660364499999999147e-03
1.952599999999999822e-02 1.110929769999999817e-01 9.442023520000000433e-03
1.986600000000000518e-02 9.047912650000002055e-02 8.822587269999999579e-03
2.020500000000000421e-02 8.151981719999999709e-02 8.218472459999999133e-03
2.054500000000000076e-02 9.521671549999997930e-02 8.880554849999999778e-03
2.088400000000000326e-02 8.209475629999998803e-02 7.988514040000000219e-03
2.122400000000000328e-02 6.889762239999999704e-02 7.272355240000000220e-03
2.156300000000000230e-02 9.041677200000003412e-02 8.019256420000000704e-03
2.190299999999999539e-02 7.881524559999998625e-02 7.660161139999999841e-03
2.224299999999999888e-02 7.897554509999998862e-02 7.484471460000000249e-03
2.258199999999999791e-02 7.338640879999998312e-02 7.428051080000000299e-03
2.292200000000000487e-02 8.091480290000001296e-02 7.800098010000000061e-03
2.326099999999999696e-02 6.967021169999998431e-02 7.089238789999999756e-03
2.360099999999999698e-02 6.959635590000000371e-02 6.910634379999999917e-03
2.394100000000000394e-02 7.109015309999999754e-02 6.967861819999999866e-03
2.427999999999999950e-02 6.406957379999998758e-02 6.607048229999999862e-03
2.436699999999999630e-02 6.755400500000001418e-02 3.009095639999999870e-03
2.519300000000000012e-02 6.733810209999999130e-02 2.939814460000000126e-03
2.601900000000000740e-02 5.159041209999999655e-02 2.589196959999999839e-03
2.684500000000000081e-02 4.545958590000000188e-02 2.452407409999999861e-03
2.767099999999999421e-02 4.110461470000000006e-02 2.319784110000000076e-03
2.849700000000000150e-02 4.074605380000000110e-02 2.178394360000000026e-03
2.932299999999999143e-02 3.915534869999999501e-02 2.080777890000000147e-03
3.014899999999999178e-02 3.916755770000000803e-02 2.029747699999999953e-03
3.097499999999999559e-02 3.311013239999999885e-02 1.984964819999999845e-03
3.180100000000000982e-02 3.181118250000000008e-02 1.822304650000000073e-03
3.262700000000000322e-02 2.907097510000000370e-02 1.724895549999999915e-03
3.345299999999998969e-02 2.604192970000000773e-02 1.680519830000000046e-03
3.427899999999999697e-02 2.547126229999999505e-02 1.551016980000000101e-03
3.510500000000000426e-02 2.428366889999999598e-02 1.598790720000000049e-03
3.593100000000000460e-02 2.471975829999999499e-02 1.508083519999999997e-03
3.675799999999999901e-02 2.121647369999999505e-02 1.458394090000000084e-03
3.758399999999999935e-02 1.981726639999999498e-02 1.382148730000000046e-03
3.840999999999999970e-02 1.751873799999999898e-02 1.293374979999999900e-03
3.923600000000000004e-02 1.617713360000000433e-02 1.273751910000000100e-03
4.006200000000000039e-02 1.829748739999999610e-02 1.284112389999999973e-03
4.088799999999999379e-02 1.550523840000000292e-02 1.216897239999999896e-03
4.171400000000000108e-02 1.113893329999999897e-02 1.106006560000000020e-03
4.254000000000000142e-02 1.401556959999999789e-02 1.082470610000000038e-03
4.336599999999999483e-02 1.466447719999999615e-02 1.131239090000000103e-03
4.419200000000000905e-02 1.174935519999999872e-02 1.032047060000000106e-03
4.501800000000000246e-02 1.284653590000000255e-02 1.078343449999999990e-03
4.584399999999999586e-02 1.159702209999999983e-02 9.905786240000000967e-04
4.666999999999999621e-02 1.124149310000000131e-02 9.896934159999998953e-04
4.749599999999998962e-02 8.594244620000000140e-03 8.990275029999999926e-04
4.832199999999999690e-02 8.740663840000001059e-03 9.159045009999999950e-04
4.914800000000000418e-02 1.029022339999999952e-02 9.093607419999999702e-04
4.997400000000000453e-02 7.531374019999998587e-03 8.584490169999999930e-04
5.080000000000000487e-02 8.817606700000002809e-03 8.862032499999999893e-04
5.162599999999998440e-02 7.793560440000001435e-03 8.445364550000000314e-04
5.245200000000000556e-02 8.173920749999997321e-03 8.190021200000000522e-04
5.327799999999999897e-02 6.422376189999997112e-03 7.675232590000000393e-04
5.410399999999998544e-02 6.218515420000000037e-03 7.396948619999999669e-04
5.492999999999999966e-02 5.618339919999998031e-03 7.421409769999999647e-04
5.575599999999999307e-02 6.454847129999998281e-03 7.146543909999999609e-04
5.658199999999999341e-02 5.553705390000001837e-03 7.335508440000000109e-04
5.740800000000000070e-02 6.576359410000001335e-03 6.913671340000000299e-04
5.823400000000000798e-02 6.235311080000000873e-03 7.199490889999999709e-04
5.906000000000000139e-02 3.898650430000000049e-03 6.732550660000000521e-04
5.988600000000000173e-02 4.635619989999998324e-03 6.451923060000000227e-04
6.071200000000001595e-02 4.554736959999998967e-03 6.575216500000000000e-04
6.153800000000000242e-02 4.133251529999997995e-03 6.006201210000000103e-04
6.236400000000000277e-02 5.036482349999998713e-03 6.709331279999999984e-04
6.318999999999999617e-02 4.030716939999998139e-03 6.296246469999999774e-04
6.401600000000000346e-02 4.248854239999997999e-03 6.209438290000000426e-04
6.484199999999998298e-02 3.932220279999999908e-03 5.847145339999999933e-04
6.566799999999999027e-02 3.891910719999999019e-03 5.815408840000000105e-04
6.649399999999998367e-02 3.496228539999998372e-03 5.420011760000000185e-04
6.732000000000000484e-02 3.954713160000000553e-03 5.774607270000000400e-04
6.814599999999998436e-02 4.248556180000001570e-03 6.097435730000000343e-04
6.897200000000001940e-02 2.029252819999999811e-03 5.520369239999999922e-04
6.979800000000001281e-02 2.968248489999999930e-03 5.830067329999999524e-04
7.062400000000002009e-02 2.193139539999999776e-03 5.541032559999999703e-04
7.144999999999998574e-02 2.509756129999999186e-03 5.290022660000000092e-04
7.227600000000002078e-02 2.729496140000001268e-03 5.142925250000000316e-04
7.310200000000001419e-02 2.768023260000001227e-03 5.334637849999999785e-04
7.392799999999997984e-02 2.915444510000000673e-03 5.141327390000000183e-04
7.475400000000000100e-02 2.374834399999998548e-03 5.411510310000000080e-04
7.557999999999998053e-02 2.965567800000000823e-03 5.025612809999999630e-04
7.640599999999998782e-02 2.440892350000000398e-03 5.095260550000000515e-04
7.723199999999998122e-02 2.238481699999999436e-03 4.967914729999999609e-04
7.805800000000001626e-02 2.631832189999999422e-03 5.057445899999999479e-04
7.888399999999999579e-02 1.877725570000000552e-03 4.544426630000000041e-04
7.971000000000001695e-02 2.526311729999999520e-03 4.944125599999999940e-04
8.053599999999998260e-02 2.856129489999999129e-03 4.836958499999999880e-04
8.136200000000001764e-02 2.273824880000001498e-03 4.396481340000000094e-04
8.218799999999998329e-02 1.697194119999999914e-03 4.799803479999999872e-04
8.301399999999999058e-02 1.190798239999999548e-03 4.761243619999999872e-04
8.384000000000001174e-02 2.068222120000000157e-03 4.456256860000000269e-04
8.466599999999999127e-02 2.522517670000001388e-03 4.794570720000000110e-04
8.549199999999999855e-02 2.193184620000000491e-03 4.650728799999999754e-04
8.631800000000001971e-02 1.698294059999999692e-03 4.544308099999999867e-04
8.714399999999999924e-02 1.840297269999999858e-03 4.713026750000000081e-04
8.797000000000002040e-02 1.101843809999999502e-03 4.545151949999999877e-04
8.879599999999999993e-02 1.572836510000000547e-03 4.656086019999999847e-04
8.962200000000000721e-02 1.806927149999999890e-03 5.001874860000000370e-04
9.044799999999998674e-02 1.445932659999999781e-03 4.665891499999999981e-04
9.127399999999999403e-02 1.872781819999999337e-03 4.800089380000000221e-04
9.210000000000000131e-02 1.661680870000000658e-03 4.415931689999999738e-04
9.292599999999999472e-02 1.478505139999999624e-03 4.364733249999999958e-04
9.375199999999998812e-02 1.518670320000000415e-03 4.424561270000000146e-04
9.457800000000000928e-02 1.355202200000000298e-03 4.531185280000000256e-04
9.540399999999998881e-02 1.290794899999999712e-03 4.310194930000000235e-04
9.622999999999999610e-02 1.577547359999999319e-03 4.760178899999999874e-04
9.705600000000001726e-02 1.639108999999999922e-03 4.920957280000000291e-04
9.788200000000001066e-02 1.387323009999999728e-03 4.053197990000000192e-04
9.870800000000003183e-02 1.476669769999999424e-03 4.625405869999999853e-04
9.953399999999999748e-02 2.242540349999998500e-03 4.618391419999999959e-04
1.003600000000000186e-01 1.050203690000000049e-03 4.369707890000000040e-04
1.011859999999999982e-01 1.149103340000000219e-03 4.362741929999999920e-04
1.020120000000000055e-01 1.753024350000000281e-03 4.368653570000000227e-04
1.028379999999999989e-01 1.059678279999999627e-03 4.679910100000000267e-04
1.036640000000000200e-01 8.509383110000004686e-04 4.480113120000000040e-04
1.044900000000000134e-01 1.339371639999999836e-03 4.500570580000000029e-04
1.053160000000000068e-01 5.095587360000001110e-04 4.419127490000000226e-04
1.061420000000000002e-01 1.539821179999999743e-03 4.190263489999999837e-04
1.069679999999999936e-01 1.118399510000000303e-03 4.237490479999999823e-04
1.077940000000000148e-01 1.018111689999999991e-03 4.375657710000000118e-04
1.086199999999999943e-01 1.831788889999999472e-03 4.432475369999999888e-04
1.094469999999999887e-01 8.055776519999997007e-04 4.480921439999999991e-04
1.102729999999999821e-01 1.696759499999999895e-03 4.600676310000000112e-04
1.110990000000000033e-01 5.889855869999998089e-04 4.252968229999999931e-04
1.119249999999999828e-01 6.653132390000001881e-04 4.291827030000000217e-04
1.127510000000000179e-01 8.077486959999996639e-04 4.416345680000000008e-04
1.135770000000000113e-01 9.709246529999997384e-04 4.344406770000000268e-04
1.144029999999999908e-01 9.584013539999998877e-04 4.083519139999999738e-04
1.152289999999999842e-01 5.910796779999997813e-04 4.056547900000000173e-04
1.160549999999999915e-01 1.672815380000000456e-03 3.877311759999999929e-04
1.168810000000000127e-01 9.010257809999995494e-04 4.007949929999999879e-04
1.177070000000000061e-01 1.036539620000000508e-03 4.029260989999999950e-04
1.185330000000000134e-01 1.168554890000000164e-03 4.014131990000000048e-04
1.193590000000000068e-01 7.549315770000003230e-04 3.818723409999999984e-04
1.201850000000000002e-01 1.004418379999999760e-03 3.931391169999999980e-04
1.210109999999999797e-01 1.130817890000000454e-03 3.959833929999999813e-04
1.218369999999999870e-01 4.159942549999999452e-04 4.041041370000000139e-04
1.226630000000000081e-01 9.265364750000001015e-04 3.735631680000000210e-04
1.234890000000000154e-01 1.153528709999999784e-03 3.694966570000000048e-04
1.243150000000000088e-01 8.186266270000000208e-04 3.909612110000000237e-04
1.251410000000000022e-01 2.416135259999999910e-04 3.756393689999999752e-04
1.259669999999999956e-01 9.561345630000003294e-04 3.587941289999999799e-04
1.276190000000000102e-01 5.979521760000000661e-04 3.546926960000000226e-04
1.284450000000000036e-01 7.000706220000000191e-04 3.558638679999999921e-04
1.292709999999999970e-01 1.784511730000000842e-04 3.529846889999999917e-04
1.300969999999999904e-01 7.536373879999998943e-04 3.764209380000000239e-04
1.309229999999999838e-01 2.786714530000000082e-04 3.629261250000000031e-04
1.317489999999999772e-01 5.521633709999999732e-04 3.517443720000000031e-04
1.325749999999999984e-01 1.099425970000000256e-03 3.510535260000000003e-04
1.334009999999999918e-01 7.434548079999996452e-04 3.630012349999999855e-04
1.342270000000000130e-01 1.128436239999999931e-03 3.482407250000000166e-04
1.350530000000000064e-01 7.718609230000002958e-04 3.489486449999999913e-04
1.358789999999999998e-01 2.295200450000001028e-04 3.462835960000000221e-04
1.367049999999999932e-01 8.163316200000002342e-04 3.466534089999999814e-04
1.375309999999999866e-01 9.489329439999995763e-04 3.566760650000000096e-04
1.383569999999999800e-01 1.240106099999999968e-03 3.509637400000000049e-04
1.391830000000000012e-01 6.722812830000001122e-04 3.323626029999999761e-04
1.400089999999999946e-01 1.044408989999999655e-03 3.308033069999999766e-04
1.408350000000000157e-01 2.956471320000000251e-04 3.438821099999999926e-04
1.416610000000000091e-01 4.950962929999999044e-04 3.467908639999999951e-04
1.424870000000000025e-01 1.921793160000000563e-05 3.303844419999999956e-04
1.433129999999999959e-01 3.771723399999999966e-04 3.385571559999999910e-04
1.441389999999999894e-01 8.608542950000003203e-04 3.373617739999999949e-04
1.449649999999999828e-01 2.746754479999999939e-04 3.111301539999999921e-04
1.457910000000000039e-01 3.649384879999999286e-04 3.233617010000000005e-04
1.466169999999999973e-01 3.648446179999999890e-04 3.383359509999999868e-04
1.474429999999999907e-01 5.736542090000000798e-04 3.238224749999999764e-04
1.482690000000000119e-01 4.125114039999998577e-04 3.287936960000000051e-04
1.490950000000000053e-01 4.707712470000001339e-04 3.284205680000000104e-04
1.499210000000000265e-01 5.208361529999999294e-04 3.172255639999999955e-04
1.507469999999999921e-01 7.930065850000008235e-05 2.991607070000000231e-04
1.515730000000000133e-01 5.735897730000001637e-04 3.433142510000000269e-04
1.523990000000000344e-01 4.614717249999998410e-04 3.291772749999999814e-04
1.532249999999999723e-01 7.250870860000001089e-04 3.198888049999999792e-04
1.540509999999999935e-01 8.131113880000000096e-04 3.147209549999999741e-04
1.548769999999999869e-01 5.647112660000000971e-04 3.118460309999999936e-04
1.557029999999999803e-01 8.534457419999998389e-04 3.100999420000000173e-04
1.565290000000000015e-01 6.700093600000003521e-04 3.274385210000000236e-04
1.573549999999999949e-01 3.392759280000001883e-04 3.083381439999999815e-04
1.581809999999999883e-01 5.231705199999997589e-04 3.213186419999999985e-04
1.590070000000000094e-01 7.755167349999995225e-04 3.080650279999999955e-04
1.598330000000000028e-01 1.217410690000000076e-04 3.065529869999999882e-04
1.606589999999999963e-01 5.344370210000000442e-04 3.187968240000000025e-04
1.614850000000000174e-01 1.147718480000000025e-04 3.128369929999999738e-04
1.623110000000000386e-01 6.988529029999999932e-04 3.100179180000000147e-04
1.631369999999999765e-01 7.832597490000000598e-04 3.025135420000000250e-04
1.639629999999999976e-01 7.854994969999999068e-04 3.044915979999999914e-04
1.647889999999999633e-01 2.009919819999999799e-04 3.091525330000000223e-04
1.656150000000000122e-01 6.900485669999998663e-04 3.059512390000000194e-04
1.664410000000000334e-01 5.094160919999997979e-04 3.096254080000000004e-04
1.672669999999999990e-01 8.438029199999998436e-04 3.006559670000000261e-04
1.680930000000000202e-01 7.594733710000003718e-05 3.023166390000000051e-04
1.689190000000000136e-01 1.198752710000000393e-03 2.905965800000000210e-04
1.697450000000000347e-01 3.432730749999998135e-04 2.918731760000000037e-04
1.705710000000000004e-01 2.566803990000001020e-04 3.055676629999999768e-04
1.713969999999999938e-01 1.563441899999999381e-04 2.983429330000000098e-04
1.722230000000000150e-01 4.752389819999997683e-04 2.943359569999999775e-04
