3.311000000000000575e-03 1.532686570000000081e+00 4.921874159999999887e-01
3.481000000000000587e-03 1.535344009999999981e+00 4.213218739999999851e-01
3.650999999999999732e-03 8.672737289999999932e-01 3.680762260000000063e-01
3.820000000000001346e-03 1.163845969999999896e+00 3.034467739999999747e-01
3.990000000000001358e-03 1.283459820000000029e+00 3.152500200000000197e-01
4.160000000000000503e-03 9.869616770000000372e-01 2.477467509999999873e-01
4.330000000000001383e-03 1.304409719999999995e+00 2.656459010000000176e-01
4.498999999999999527e-03 1.048582649999999949e+00 2.452878069999999966e-01
4.668999999999997805e-03 6.294006290000000448e-01 2.106108449999999910e-01
4.839000000000002154e-03 1.339840139999999957e+00 2.208978239999999926e-01
5.009000000000003033e-03 8.279024510000000392e-01 1.912389730000000065e-01
5.178999999999999576e-03 1.322366359999999963e+00 1.884823150000000114e-01
5.347999999999998588e-03 8.265691440000000334e-01 1.649123110000000059e-01
5.518000000000000335e-03 9.278829779999999694e-01 1.671161600000000136e-01
5.603000000000001209e-03 1.130399240000000027e+00 1.044674589999999986e-01
5.943000000000002968e-03 1.045998449999999913e+00 7.104238020000000486e-02
6.282000000000002859e-03 8.041798470000000032e-01 5.924651090000000037e-02
6.622000000000002017e-03 7.842307039999999452e-01 5.120008849999999750e-02
6.961000000000001041e-03 8.597725309999999510e-01 5.015130439999999912e-02
7.301000000000002800e-03 7.597925610000000329e-01 4.566708979999999779e-02
7.641000000000000222e-03 8.094260639999999452e-01 4.446264729999999804e-02
7.979999999999995777e-03 7.173725920000000311e-01 4.157154190000000166e-02
8.320000000000001006e-03 6.573463269999999525e-01 3.856416549999999721e-02
8.659000000000000030e-03 7.270211509999999766e-01 3.864657950000000008e-02
8.999000000000003524e-03 6.356667569999999712e-01 3.542544999999999722e-02
9.339000000000000079e-03 6.035770179999999652e-01 3.372086739999999999e-02
9.677999999999995634e-03 6.047036580000000328e-01 3.284630799999999767e-02
1.001800000000000260e-02 5.999063529999999478e-01 3.120856179999999952e-02
1.035700000000000162e-02 5.377563189999999826e-01 2.964377730000000016e-02
1.069699999999999818e-02 5.065255659999999827e-01 2.796253500000000017e-02
1.103600000000000241e-02 4.987817999999999419e-01 2.779683750000000106e-02
1.137600000000000243e-02 4.368535199999999952e-01 2.554856629999999879e-02
1.171599999999999898e-02 4.336434940000000182e-01 2.476624830000000166e-02
1.205500000000000148e-02 4.377729109999999868e-01 2.443864600000000137e-02
1.239499999999999803e-02 4.362602549999999857e-01 2.354326439999999965e-02
1.273399999999999879e-02 4.134950519999999741e-01 2.365306730000000038e-02
1.307400000000000055e-02 3.913702569999999992e-01 2.212013969999999941e-02
1.341399999999999884e-02 4.004752959999999806e-01 2.210139659999999992e-02
1.375299999999999613e-02 3.803712390000000276e-01 2.074950860000000091e-02
1.409299999999999962e-02 3.575444990000000156e-01 2.000476229999999939e-02
1.443199999999999691e-02 3.183346129999999885e-01 1.884142810000000168e-02
1.477199999999999694e-02 3.341190079999999951e-01 1.868904589999999949e-02
1.511100000000000290e-02 3.396250459999999860e-01 1.917875499999999872e-02
1.545099999999999772e-02 3.047704630000000470e-01 1.789168849999999908e-02
1.579099999999999948e-02 2.719355960000000016e-01 1.666413010000000056e-02
1.613000000000000198e-02 2.822251650000000001e-01 1.674699389999999982e-02
1.646999999999999853e-02 2.759631579999999862e-01 1.638159150000000064e-02
1.680900000000000102e-02 2.640006549999999730e-01 1.589753979999999900e-02
1.714900000000000105e-02 2.292015079999999982e-01 1.441602950000000008e-02
1.748800000000000354e-02 2.319845209999999991e-01 1.432180769999999957e-02
1.782800000000000357e-02 2.311589480000000307e-01 1.448903749999999949e-02
1.816800000000000359e-02 1.776305940000000028e-01 1.255713259999999970e-02
1.850700000000000262e-02 2.013704450000000368e-01 1.318202469999999946e-02
1.884699999999999570e-02 2.129332629999999837e-01 1.333051789999999993e-02
1.918599999999999819e-02 1.813584540000000300e-01 1.236813730000000007e-02
1.952599999999999822e-02 1.722603000000000051e-01 1.170488310000000060e-02
1.986600000000000518e-02 1.608297519999999925e-01 1.142009670000000005e-02
2.020500000000000421e-02 1.705262840000000002e-01 1.160059949999999937e-02
2.054500000000000076e-02 1.659422120000000056e-01 1.146517369999999932e-02
2.088400000000000326e-02 1.513503459999999690e-01 1.061356549999999989e-02
2.122400000000000328e-02 1.777873820000000216e-01 1.146536840000000022e-02
2.156300000000000230e-02 1.520012930000000095e-01 1.027131210000000079e-02
2.190299999999999539e-02 1.460024319999999876e-01 1.023198380000000032e-02
2.224299999999999888e-02 1.434750689999999829e-01 1.001174240000000069e-02
2.258199999999999791e-02 1.356701040000000136e-01 9.868554620000000860e-03
2.292200000000000487e-02 1.253907499999999953e-01 9.458951380000000381e-03
2.326099999999999696e-02 1.256167380000000056e-01 9.285140690000000599e-03
2.360099999999999698e-02 1.147217079999999917e-01 8.762312749999999137e-03
2.394100000000000394e-02 1.240587420000000135e-01 9.055079509999999429e-03
2.436699999999999630e-02 1.077356470000000038e-01 3.704516640000000190e-03
2.519300000000000012e-02 1.003144349999999796e-01 3.555981440000000136e-03
2.601900000000000740e-02 9.011699329999997565e-02 3.276201409999999949e-03
2.684500000000000081e-02 8.485582449999999610e-02 3.195059399999999796e-03
2.767099999999999421e-02 7.839872060000001308e-02 3.032942739999999922e-03
2.849700000000000150e-02 6.729934919999999710e-02 2.713563410000000096e-03
2.932299999999999143e-02 6.416783040000000049e-02 2.618216740000000112e-03
3.014899999999999178e-02 6.320787390000000283e-02 2.494641629999999784e-03
3.097499999999999559e-02 5.772761929999999098e-02 2.503463469999999899e-03
3.180100000000000982e-02 5.418018739999999611e-02 2.305085570000000011e-03
3.262700000000000322e-02 4.902249959999999823e-02 2.160130780000000042e-03
3.345299999999998969e-02 4.456796090000000876e-02 2.105287290000000099e-03
3.427899999999999697e-02 4.362928720000000538e-02 1.964041389999999880e-03
3.510500000000000426e-02 3.859605950000000868e-02 1.940242790000000104e-03
3.593100000000000460e-02 3.474882779999999977e-02 1.745401269999999946e-03
3.675799999999999901e-02 3.242228099999999030e-02 1.731312019999999962e-03
3.758399999999999935e-02 3.181111169999999849e-02 1.683190370000000029e-03
3.840999999999999970e-02 2.779462909999999218e-02 1.549007999999999939e-03
3.923600000000000004e-02 3.016569059999999261e-02 1.637943279999999960e-03
4.006200000000000039e-02 2.825609590000000004e-02 1.519361799999999945e-03
4.088799999999999379e-02 2.360543630000000448e-02 1.432131519999999989e-03
4.171400000000000108e-02 2.126113519999999618e-02 1.380702549999999898e-03
4.254000000000000142e-02 2.261395660000000210e-02 1.321152469999999990e-03
4.336599999999999483e-02 2.033028119999999786e-02 1.286812609999999973e-03
4.419200000000000905e-02 1.857289319999999577e-02 1.224668209999999965e-03
4.501800000000000246e-02 1.754889559999999946e-02 1.210085289999999992e-03
4.584399999999999586e-02 1.800246470000000515e-02 1.175808100000000009e-03
4.666999999999999621e-02 1.548368969999999734e-02 1.108419679999999912e-03
4.749599999999998962e-02 1.377812869999999953e-02 1.058319799999999896e-03
4.832199999999999690e-02 1.443672199999999906e-02 1.076481499999999963e-03
4.914800000000000418e-02 1.445968640000000298e-02 1.043272420000000093e-03
4.997400000000000453e-02 1.049547949999999827e-02 9.498832900000000329e-04
5.080000000000000487e-02 9.693832690000001029e-03 9.129657799999999846e-04
5.162599999999998440e-02 1.002746300000000208e-02 9.154021200000000101e-04
5.245200000000000556e-02 1.028279999999999993e-02 8.861319400000000016e-04
5.327799999999999897e-02 9.244169070000004054e-03 8.629441269999999636e-04
5.410399999999998544e-02 8.996809519999995897e-03 8.290972910000000235e-04
5.492999999999999966e-02 8.198260500000000353e-03 8.285974700000000009e-04
5.575599999999999307e-02 9.269124399999995045e-03 8.122186469999999846e-04
5.658199999999999341e-02 7.773004769999999550e-03 8.042676390000000515e-04
5.740800000000000070e-02 6.892340580000001424e-03 7.050932409999999652e-04
5.823400000000000798e-02 6.900367399999998534e-03 7.444089210000000116e-04
5.906000000000000139e-02 6.542687069999998141e-03 7.631963139999999946e-04
5.988600000000000173e-02 6.413742449999997389e-03 7.068229570000000416e-04
6.071200000000001595e-02 5.477246689999997961e-03 6.890859410000000143e-04
6.153800000000000242e-02 5.703400459999998992e-03 6.597753000000000255e-04
6.236400000000000277e-02 6.055662110000002880e-03 7.054373399999999987e-04
6.318999999999999617e-02 4.965151900000000854e-03 6.632073630000000350e-04
6.401600000000000346e-02 5.397608220000002510e-03 6.618023360000000301e-04
6.484199999999998298e-02 4.824975269999998498e-03 6.179845150000000268e-04
6.566799999999999027e-02 4.960304379999998063e-03 6.197899750000000459e-04
6.649399999999998367e-02 4.364935340000000719e-03 5.772478940000000305e-04
6.732000000000000484e-02 4.939720900000001483e-03 6.128843219999999693e-04
6.814599999999998436e-02 4.423372639999999245e-03 6.173584509999999670e-04
6.897200000000001940e-02 4.211673779999998597e-03 6.295589519999999963e-04
6.979800000000001281e-02 2.974542029999999171e-03 5.833791589999999874e-04
7.062400000000002009e-02 2.896518850000000343e-03 5.798271889999999937e-04
7.144999999999998574e-02 3.593491220000001162e-03 5.682941530000000432e-04
7.227600000000002078e-02 3.861845660000000867e-03 5.568280140000000412e-04
7.310200000000001419e-02 3.042178109999998676e-03 5.448302240000000261e-04
7.392799999999997984e-02 3.091784749999999370e-03 5.203478550000000501e-04
7.475400000000000100e-02 3.128110510000000916e-03 5.691094539999999634e-04
7.557999999999998053e-02 3.087390250000001356e-03 5.087984599999999811e-04
7.640599999999998782e-02 3.404220619999999160e-03 5.419641910000000265e-04
7.723199999999998122e-02 2.556599620000000236e-03 5.118245519999999873e-04
7.805800000000001626e-02 3.103877239999998719e-03 5.211192330000000541e-04
7.888399999999999579e-02 2.948488990000000792e-03 4.961517979999999694e-04
7.971000000000001695e-02 2.629509549999999897e-03 4.980014450000000426e-04
8.053599999999998260e-02 3.394490700000000246e-03 5.042377910000000281e-04
8.136200000000001764e-02 3.853036830000001675e-03 5.009195899999999797e-04
8.218799999999998329e-02 1.409432179999999457e-03 4.702283190000000244e-04
8.301399999999999058e-02 1.955822520000000380e-03 5.015454829999999638e-04
8.384000000000001174e-02 3.511695130000001656e-03 4.997637700000000325e-04
8.466599999999999127e-02 3.448465080000001366e-03 5.152989739999999826e-04
8.549199999999999855e-02 2.630924020000000984e-03 4.808616940000000079e-04
8.631800000000001971e-02 2.234954460000000264e-03 4.749760439999999874e-04
8.714399999999999924e-02 2.365250549999999268e-03 4.907345780000000159e-04
8.797000000000002040e-02 2.206084709999999848e-03 4.967347270000000000e-04
8.879599999999999993e-02 1.793382699999999854e-03 4.767393340000000246e-04
8.962200000000000721e-02 1.416729239999999944e-03 4.856777269999999736e-04
9.044799999999998674e-02 2.474345920000001284e-03 5.057347919999999591e-04
9.127399999999999403e-02 1.476608540000000575e-03 4.653182110000000167e-04
9.210000000000000131e-02 1.855456929999999656e-03 4.515552040000000208e-04
9.292599999999999472e-02 2.103419549999999139e-03 4.619861360000000034e-04
9.375199999999998812e-02 2.126843879999999742e-03 4.644250669999999757e-04
9.457800000000000928e-02 2.179554909999998746e-03 4.872565370000000074e-04
9.540399999999998881e-02 2.023703200000000028e-03 4.603669960000000079e-04
9.622999999999999610e-02 1.787464309999999522e-03 4.850428480000000086e-04
9.705600000000001726e-02 1.873918259999999853e-03 4.986127960000000204e-04
9.788200000000001066e-02 1.991592429999999078e-03 4.324097719999999779e-04
9.870800000000003183e-02 1.580439710000000521e-03 4.685091369999999774e-04
9.953399999999999748e-02 1.789877770000000441e-03 4.448417100000000009e-04
1.003600000000000186e-01 2.287628060000000078e-03 4.833157669999999743e-04
1.011859999999999982e-01 2.170289030000000906e-03 4.758992710000000065e-04
1.020120000000000055e-01 2.130093769999999529e-03 4.515485789999999842e-04
1.028379999999999989e-01 1.209144159999999682e-03 4.749871819999999887e-04
1.036640000000000200e-01 1.591809069999999739e-03 4.757309259999999867e-04
1.044900000000000134e-01 1.577258970000000029e-03 4.598070359999999754e-04
1.053160000000000068e-01 8.237768009999995320e-04 4.549351429999999781e-04
1.061420000000000002e-01 2.173794209999999755e-03 4.435831200000000065e-04
1.069679999999999936e-01 2.011579310000000381e-03 4.588369640000000064e-04
1.077940000000000148e-01 1.119671029999999698e-03 4.429757929999999957e-04
1.086199999999999943e-01 1.734572480000000664e-03 4.400421780000000199e-04
1.094469999999999887e-01 7.712756880000003722e-04 4.468909319999999881e-04
1.102729999999999821e-01 2.006094889999999412e-03 4.723116500000000030e-04
1.110990000000000033e-01 7.493547480000000826e-04 4.319037900000000161e-04
1.119249999999999828e-01 1.270145330000000284e-03 4.521748989999999969e-04
1.127510000000000179e-01 1.145265610000000510e-03 4.558172119999999829e-04
1.135770000000000113e-01 1.463556400000000325e-03 4.521250409999999975e-04
1.144029999999999908e-01 1.544760449999999993e-03 4.317248269999999772e-04
1.152289999999999842e-01 9.999873179999999549e-04 4.238484079999999942e-04
1.160549999999999915e-01 1.954592099999999388e-03 3.974580589999999829e-04
1.168810000000000127e-01 9.463688159999997240e-04 4.037112300000000138e-04
1.177070000000000061e-01 7.788393210000002639e-04 3.932571889999999962e-04
1.185330000000000134e-01 1.993179850000000811e-03 4.312151270000000184e-04
1.193590000000000068e-01 1.305523069999999777e-03 4.025717779999999865e-04
1.201850000000000002e-01 1.015969420000000087e-03 3.921910169999999994e-04
1.210109999999999797e-01 1.055377369999999744e-03 3.953459660000000061e-04
1.218369999999999870e-01 6.502177449999999763e-04 4.115901589999999962e-04
1.226630000000000081e-01 1.689546359999999749e-03 4.024186160000000137e-04
1.234890000000000154e-01 1.762387629999999242e-03 3.910373849999999830e-04
1.243150000000000088e-01 7.600149570000006938e-05 3.656217190000000017e-04
1.251410000000000022e-01 5.877767659999998985e-04 3.886688139999999996e-04
1.259669999999999956e-01 1.314212530000000200e-03 3.715575739999999903e-04
1.267929999999999890e-01 3.841433020000000788e-04 3.940088680000000004e-04
1.276190000000000102e-01 1.293701149999999800e-03 3.783394040000000094e-04
1.284450000000000036e-01 9.790687600000004716e-04 3.657886310000000012e-04
1.292709999999999970e-01 8.407501070000003573e-04 3.759794029999999885e-04
1.300969999999999904e-01 5.903615060000000055e-04 3.725949650000000106e-04
1.309229999999999838e-01 1.217937789999999762e-03 3.939700780000000109e-04
1.317489999999999772e-01 8.623972210000000827e-04 3.616371889999999974e-04
1.325749999999999984e-01 1.348806859999999519e-03 3.618687509999999794e-04
1.334009999999999918e-01 1.016198560000000205e-03 3.716566119999999878e-04
1.342270000000000130e-01 1.502825359999999813e-03 3.619388769999999818e-04
1.350530000000000064e-01 9.411873490000000281e-04 3.536289120000000248e-04
1.358789999999999998e-01 6.543366920000002075e-04 3.615543559999999748e-04
1.367049999999999932e-01 1.237749600000000649e-03 3.604452709999999833e-04
1.375309999999999866e-01 4.460774349999999068e-04 3.409411479999999921e-04
1.383569999999999800e-01 1.060422150000000152e-03 3.461014729999999789e-04
1.391830000000000012e-01 8.300546949999999249e-04 3.374750270000000042e-04
1.400089999999999946e-01 1.302033049999999767e-03 3.417095699999999898e-04
1.408350000000000157e-01 1.138261680000000539e-03 3.710212730000000177e-04
1.416610000000000091e-01 8.521377589999999929e-04 3.578680459999999887e-04
1.424870000000000025e-01 1.009419650000000336e-03 3.622845999999999770e-04
1.433129999999999959e-01 8.295696590000000217e-04 3.531634680000000069e-04
1.441389999999999894e-01 7.908634429999996870e-04 3.352578319999999744e-04
