2.970999999999998815e-03 3.609327570000000041e+00 1.107636089999999962e+00
3.141000000000000996e-03 2.994807530000000106e+00 7.314093170000000033e-01
3.311000000000000575e-03 3.698596409999999945e+00 5.478118730000000047e-01
3.481000000000000587e-03 2.580516180000000048e+00 4.548897190000000257e-01
3.650999999999999732e-03 3.172197480000000347e+00 4.448529350000000049e-01
3.820000000000001346e-03 2.760394719999999857e+00 3.622849810000000059e-01
3.990000000000001358e-03 2.584670959999999962e+00 3.607793140000000176e-01
4.160000000000000503e-03 2.594890519999999867e+00 3.125091720000000017e-01
4.330000000000001383e-03 2.648882040000000160e+00 3.179599390000000247e-01
4.498999999999999527e-03 2.387819309999999806e+00 2.993115969999999848e-01
4.668999999999997805e-03 2.426344799999999857e+00 2.839355339999999894e-01
4.839000000000002154e-03 2.292917189999999827e+00 2.601889629999999953e-01
5.009000000000003033e-03 2.511422159999999959e+00 2.614933380000000196e-01
5.178999999999999576e-03 2.324673279999999842e+00 2.341652949999999955e-01
5.347999999999998588e-03 2.209611649999999816e+00 2.266661610000000049e-01
5.518000000000000335e-03 2.159946820000000045e+00 2.207412179999999891e-01
5.603000000000001209e-03 2.191285530000000037e+00 1.172034809999999982e-01
5.943000000000002968e-03 2.056398839999999950e+00 8.650981359999999898e-02
6.282000000000002859e-03 1.957995860000000032e+00 7.967630979999999752e-02
6.622000000000002017e-03 1.700698889999999963e+00 6.836296129999999693e-02
6.961000000000001041e-03 1.640781059999999902e+00 6.439799200000000112e-02
7.301000000000002800e-03 1.504126459999999943e+00 6.035958400000000085e-02
7.641000000000000222e-03 1.442868940000000100e+00 5.652676580000000339e-02
7.979999999999995777e-03 1.338357199999999914e+00 5.352260679999999715e-02
8.320000000000001006e-03 1.256688019999999906e+00 5.079089030000000227e-02
8.659000000000000030e-03 1.221560490000000110e+00 4.815721449999999654e-02
8.999000000000003524e-03 1.073986600000000013e+00 4.468567880000000325e-02
9.339000000000000079e-03 1.052214600000000111e+00 4.303726780000000085e-02
9.677999999999995634e-03 8.747289430000000365e-01 3.851403490000000068e-02
1.001800000000000260e-02 8.928247820000000390e-01 3.759856699999999941e-02
1.035700000000000162e-02 7.953000839999999627e-01 3.522060629999999859e-02
1.069699999999999818e-02 7.291601789999999639e-01 3.314739679999999938e-02
1.103600000000000241e-02 6.782849069999999925e-01 3.175766459999999902e-02
1.137600000000000243e-02 6.695304429999999751e-01 3.109843680000000041e-02
1.171599999999999898e-02 6.682251780000000307e-01 3.010081759999999954e-02
1.205500000000000148e-02 5.801049430000000395e-01 2.765375009999999911e-02
1.239499999999999803e-02 5.647981180000000156e-01 2.673222979999999999e-02
1.273399999999999879e-02 5.608175890000000052e-01 2.693749499999999880e-02
1.307400000000000055e-02 4.969123630000000236e-01 2.460376649999999887e-02
1.341399999999999884e-02 4.923334320000000153e-01 2.426043149999999871e-02
1.375299999999999613e-02 5.104632289999999628e-01 2.387678669999999947e-02
1.409299999999999962e-02 4.741194409999999748e-01 2.303922569999999892e-02
1.443199999999999691e-02 4.452824180000000132e-01 2.184004989999999841e-02
1.477199999999999694e-02 4.268010589999999826e-01 2.100624330000000137e-02
1.511100000000000290e-02 3.978949159999999874e-01 2.064569650000000131e-02
1.545099999999999772e-02 3.616764419999999869e-01 1.935541899999999871e-02
1.579099999999999948e-02 3.409903879999999776e-01 1.847337190000000046e-02
1.613000000000000198e-02 3.385639109999999952e-01 1.821027700000000041e-02
1.646999999999999853e-02 3.521104019999999890e-01 1.834944650000000163e-02
1.680900000000000102e-02 3.348961610000000255e-01 1.779099040000000145e-02
1.714900000000000105e-02 3.018158830000000070e-01 1.649082190000000087e-02
1.748800000000000354e-02 2.859950769999999864e-01 1.571195790000000023e-02
1.782800000000000357e-02 2.873918329999999854e-01 1.605790259999999997e-02
1.816800000000000359e-02 2.748970109999999689e-01 1.540062350000000017e-02
1.850700000000000262e-02 2.565973029999999988e-01 1.475886289999999920e-02
1.884699999999999570e-02 2.499512300000000242e-01 1.435893279999999987e-02
1.918599999999999819e-02 2.169026019999999721e-01 1.341187490000000058e-02
1.952599999999999822e-02 2.003218350000000314e-01 1.257802520000000056e-02
1.986600000000000518e-02 2.198249750000000058e-01 1.320608409999999948e-02
2.020500000000000421e-02 1.759036700000000397e-01 1.175200510000000073e-02
2.054500000000000076e-02 1.672315279999999904e-01 1.147260550000000004e-02
2.088400000000000326e-02 1.884313490000000257e-01 1.174952769999999987e-02
2.122400000000000328e-02 2.071686789999999945e-01 1.232867290000000046e-02
2.156300000000000230e-02 1.922851190000000043e-01 1.155324299999999950e-02
2.190299999999999539e-02 1.642429199999999867e-01 1.079395900000000054e-02
2.224299999999999888e-02 1.814202159999999953e-01 1.122311710000000080e-02
2.258199999999999791e-02 1.496639230000000043e-01 1.030441999999999990e-02
2.292200000000000487e-02 1.441659680000000054e-01 1.008063529999999978e-02
2.326099999999999696e-02 1.547409809999999997e-01 1.021206309999999999e-02
2.360099999999999698e-02 1.401525359999999942e-01 9.620038489999999803e-03
2.436699999999999630e-02 1.335104330000000117e-01 4.054413679999999652e-03
2.519300000000000012e-02 1.243372880000000180e-01 3.884398560000000208e-03
2.601900000000000740e-02 1.196722919999999857e-01 3.711030110000000139e-03
2.684500000000000081e-02 1.020722710000000061e-01 3.438550209999999881e-03
2.767099999999999421e-02 9.576380750000000608e-02 3.290595849999999965e-03
2.849700000000000150e-02 8.630117190000000105e-02 3.009750810000000072e-03
2.932299999999999143e-02 7.845662189999998148e-02 2.849531749999999804e-03
3.014899999999999178e-02 7.172894319999999213e-02 2.650001129999999833e-03
3.097499999999999559e-02 6.702643190000001638e-02 2.650179549999999874e-03
3.180100000000000982e-02 6.308668770000000481e-02 2.444910429999999808e-03
3.262700000000000322e-02 5.998509239999998827e-02 2.353635609999999920e-03
3.345299999999998969e-02 5.706258319999999579e-02 2.334734299999999870e-03
3.427899999999999697e-02 4.795939170000000640e-02 2.034161789999999921e-03
3.510500000000000426e-02 4.429664519999999134e-02 2.037958690000000149e-03
3.593100000000000460e-02 4.309081859999999015e-02 1.906745820000000030e-03
3.675799999999999901e-02 4.148520340000000362e-02 1.923592299999999896e-03
3.758399999999999935e-02 3.964976590000000856e-02 1.843371230000000064e-03
3.840999999999999970e-02 3.624883699999999209e-02 1.717528789999999946e-03
3.923600000000000004e-02 3.089226729999999463e-02 1.634810339999999938e-03
4.006200000000000039e-02 3.388901070000000654e-02 1.642926920000000075e-03
4.088799999999999379e-02 3.024596009999999668e-02 1.573759270000000101e-03
4.171400000000000108e-02 2.775209029999999716e-02 1.520958310000000051e-03
4.254000000000000142e-02 2.888245269999999837e-02 1.463119350000000041e-03
4.336599999999999483e-02 2.660239279999999235e-02 1.428131310000000081e-03
4.419200000000000905e-02 2.321006399999999553e-02 1.326346890000000079e-03
4.501800000000000246e-02 2.157363460000000233e-02 1.307707020000000104e-03
4.584399999999999586e-02 2.238856939999999546e-02 1.276981479999999983e-03
4.666999999999999621e-02 2.124774300000000643e-02 1.250363889999999908e-03
4.749599999999998962e-02 1.898095190000000446e-02 1.181567410000000000e-03
4.832199999999999690e-02 1.796311349999999904e-02 1.169893599999999962e-03
4.914800000000000418e-02 1.611295239999999823e-02 1.074787470000000082e-03
4.997400000000000453e-02 1.349467060000000135e-02 1.027875469999999999e-03
5.080000000000000487e-02 1.284327260000000213e-02 1.002105579999999947e-03
5.162599999999998440e-02 1.278068260000000088e-02 9.874356299999999167e-04
5.245200000000000556e-02 1.230268799999999912e-02 9.461377049999999999e-04
5.327799999999999897e-02 1.185164600000000214e-02 9.311516950000000041e-04
5.410399999999998544e-02 1.401991950000000021e-02 9.642335340000000301e-04
5.492999999999999966e-02 1.092019110000000057e-02 9.088380189999999527e-04
5.575599999999999307e-02 1.183877640000000064e-02 8.771560290000000220e-04
5.658199999999999341e-02 1.094496569999999988e-02 8.938876400000000466e-04
5.740800000000000070e-02 9.122716229999997678e-03 7.746543620000000173e-04
5.823400000000000798e-02 7.854579700000002829e-03 7.717160339999999544e-04
5.906000000000000139e-02 8.258649840000003434e-03 8.108298179999999826e-04
5.988600000000000173e-02 7.859929659999998972e-03 7.488148860000000276e-04
6.071200000000001595e-02 7.277511189999998770e-03 7.439502840000000077e-04
6.153800000000000242e-02 8.684201469999999756e-03 7.519889940000000234e-04
6.236400000000000277e-02 7.150437049999996270e-03 7.332254000000000289e-04
6.318999999999999617e-02 6.780672949999997680e-03 7.213370499999999718e-04
6.401600000000000346e-02 7.011722459999996174e-03 7.066805940000000152e-04
6.484199999999998298e-02 6.004427219999997067e-03 6.566966730000000372e-04
6.566799999999999027e-02 6.068484520000002984e-03 6.540092269999999526e-04
6.649399999999998367e-02 5.291101549999998113e-03 6.058473660000000165e-04
6.732000000000000484e-02 6.636603870000003062e-03 6.665505100000000422e-04
6.814599999999998436e-02 6.364325420000001461e-03 6.753698350000000156e-04
6.897200000000001940e-02 4.532448819999998144e-03 6.371047280000000090e-04
6.979800000000001281e-02 4.568089380000000220e-03 6.330175520000000042e-04
7.062400000000002009e-02 3.935710340000000626e-03 6.097602269999999498e-04
7.144999999999998574e-02 4.787052190000002684e-03 6.075384989999999810e-04
7.227600000000002078e-02 5.501470859999997923e-03 6.090066780000000452e-04
7.310200000000001419e-02 3.897695840000000179e-03 5.704699370000000398e-04
7.392799999999997984e-02 4.555284479999999539e-03 5.693650310000000466e-04
7.475400000000000100e-02 3.193849349999998942e-03 5.662113900000000175e-04
7.557999999999998053e-02 4.019445320000002153e-03 5.381720330000000409e-04
7.640599999999998782e-02 3.719158459999999215e-03 5.531361659999999578e-04
7.723199999999998122e-02 3.577340749999998338e-03 5.431765710000000273e-04
7.805800000000001626e-02 3.026405250000000543e-03 5.181162769999999749e-04
7.888399999999999579e-02 2.906126409999998557e-03 4.916505430000000501e-04
7.971000000000001695e-02 4.042582180000001309e-03 5.426117380000000049e-04
8.053599999999998260e-02 2.685227699999999471e-03 4.771896070000000017e-04
8.136200000000001764e-02 4.140779290000002125e-03 5.065259400000000044e-04
8.218799999999998329e-02 2.008910809999998968e-03 4.904241380000000372e-04
8.301399999999999058e-02 2.408612000000000513e-03 5.167393670000000518e-04
8.384000000000001174e-02 3.591367729999999509e-03 4.987620729999999586e-04
8.466599999999999127e-02 2.870357030000001211e-03 4.923627409999999528e-04
8.549199999999999855e-02 3.227696559999998147e-03 5.006457960000000465e-04
8.631800000000001971e-02 2.933578660000000886e-03 4.978033639999999592e-04
8.714399999999999924e-02 2.466076670000000130e-03 4.923719520000000103e-04
8.797000000000002040e-02 1.496279890000000229e-03 4.696088129999999978e-04
8.879599999999999993e-02 2.874913630000000293e-03 5.130827450000000501e-04
8.962200000000000721e-02 1.355965150000000259e-03 4.827098989999999883e-04
9.044799999999998674e-02 2.660872749999999062e-03 5.092933829999999511e-04
9.127399999999999403e-02 2.531551749999999979e-03 5.028429289999999550e-04
9.210000000000000131e-02 2.456988629999999011e-03 4.721939440000000061e-04
9.292599999999999472e-02 2.424254930000000873e-03 4.706441089999999867e-04
9.375199999999998812e-02 2.347362750000000012e-03 4.729471680000000167e-04
9.457800000000000928e-02 1.870593840000000585e-03 4.724414209999999834e-04
9.540399999999998881e-02 2.467944630000000646e-03 4.744635059999999845e-04
9.622999999999999610e-02 1.586501669999999852e-03 4.759951880000000066e-04
9.705600000000001726e-02 1.919309110000000330e-03 4.998661200000000231e-04
9.788200000000001066e-02 2.993313760000001350e-03 4.679919930000000020e-04
9.870800000000003183e-02 2.043721209999999240e-03 4.827840569999999800e-04
9.953399999999999748e-02 1.590957889999999311e-03 4.370517140000000069e-04
1.003600000000000186e-01 1.987441700000001053e-03 4.699532469999999937e-04
1.011859999999999982e-01 1.813563129999999288e-03 4.600448879999999774e-04
1.020120000000000055e-01 1.653137980000000907e-03 4.326859759999999847e-04
1.028379999999999989e-01 1.120444370000000427e-03 4.698710179999999971e-04
1.036640000000000200e-01 1.698642260000000686e-03 4.781601369999999838e-04
1.044900000000000134e-01 1.891929370000000350e-03 4.689774820000000045e-04
1.053160000000000068e-01 1.196003399999999873e-03 4.671754699999999772e-04
1.061420000000000002e-01 1.451612489999999254e-03 4.141745150000000113e-04
1.069679999999999936e-01 1.368294470000000658e-03 4.325962800000000092e-04
1.077940000000000148e-01 2.410499999999999882e-03 4.854338240000000268e-04
1.086199999999999943e-01 1.912959540000000761e-03 4.456967419999999995e-04
1.094469999999999887e-01 1.222243769999999336e-03 4.621386210000000250e-04
1.102729999999999821e-01 1.229551580000000453e-03 4.423147289999999811e-04
1.110990000000000033e-01 1.255442990000000224e-03 4.503984380000000047e-04
1.119249999999999828e-01 9.244985729999996051e-04 4.376242349999999925e-04
1.127510000000000179e-01 6.612900969999998624e-04 4.357042080000000104e-04
1.135770000000000113e-01 1.848534399999999904e-03 4.654273820000000197e-04
1.144029999999999908e-01 1.862333379999999870e-03 4.402247630000000059e-04
1.152289999999999842e-01 1.178532699999999952e-03 4.276983329999999809e-04
1.160549999999999915e-01 2.225989099999998999e-03 4.069991709999999782e-04
1.168810000000000127e-01 1.674790680000000755e-03 4.271571580000000225e-04
1.177070000000000061e-01 1.512299790000000681e-03 4.190429770000000031e-04
1.185330000000000134e-01 1.233484130000000534e-03 4.033932979999999935e-04
1.193590000000000068e-01 1.441545890000000369e-03 4.040945679999999774e-04
1.201850000000000002e-01 1.683816430000000973e-03 4.146182599999999980e-04
1.210109999999999797e-01 5.179362070000001310e-04 3.744075250000000114e-04
1.218369999999999870e-01 2.087117020000000015e-04 3.969211909999999992e-04
1.226630000000000081e-01 1.440830229999999880e-03 3.911677329999999888e-04
1.234890000000000154e-01 1.396381009999999884e-03 3.778830330000000040e-04
1.243150000000000088e-01 1.321084870000000574e-03 4.062075540000000180e-04
1.251410000000000022e-01 1.051763899999999920e-03 4.019626520000000084e-04
1.259669999999999956e-01 1.282333010000000044e-03 3.689417030000000271e-04
1.267929999999999890e-01 7.644031030000001097e-04 4.044739010000000063e-04
1.276190000000000102e-01 1.380947819999999750e-03 3.812965419999999922e-04
1.284450000000000036e-01 8.569041849999997152e-04 3.601646500000000076e-04
1.292709999999999970e-01 1.469818280000000468e-04 3.510793960000000075e-04
1.300969999999999904e-01 7.428646980000002276e-04 3.754796000000000023e-04
1.309229999999999838e-01 2.783355429999999418e-04 3.627083320000000261e-04
1.317489999999999772e-01 1.264559859999999335e-03 3.742918849999999991e-04
1.325749999999999984e-01 1.269827109999999626e-03 3.559568100000000076e-04
1.334009999999999918e-01 1.545024519999999750e-03 3.877985649999999814e-04
1.342270000000000130e-01 9.323112399999998121e-04 3.408165860000000142e-04
1.350530000000000064e-01 1.274113040000000602e-03 3.650314560000000028e-04
1.358789999999999998e-01 4.170030940000000498e-04 3.520915580000000072e-04
1.367049999999999932e-01 7.872597609999997838e-04 3.441569069999999837e-04
1.375309999999999866e-01 1.132463079999999466e-03 3.625019410000000254e-04
1.383569999999999800e-01 1.084217070000000538e-03 3.450755689999999748e-04
1.391830000000000012e-01 9.366378309999996449e-04 3.409811299999999891e-04
1.400089999999999946e-01 1.124763250000000497e-03 3.329960309999999927e-04
1.408350000000000157e-01 5.764308449999998307e-04 3.520437419999999798e-04
1.416610000000000091e-01 7.230149529999998917e-04 3.533279419999999903e-04
1.424870000000000025e-01 7.454145530000001914e-04 3.526645699999999824e-04
1.433129999999999959e-01 2.944384120000000365e-04 3.354460689999999817e-04
1.441389999999999894e-01 9.321797030000002204e-04 3.392681619999999947e-04
1.449649999999999828e-01 1.393636000000000180e-03 3.462942760000000102e-04
1.457910000000000039e-01 9.261105220000003619e-04 3.399808659999999897e-04
1.466169999999999973e-01 4.502156810000001097e-04 3.409166660000000223e-04
1.474429999999999907e-01 8.859102540000002388e-04 3.330082390000000010e-04
1.482690000000000119e-01 5.645402670000002196e-04 3.330899640000000057e-04
1.490950000000000053e-01 6.403527070000000591e-04 3.336250220000000120e-04
1.499210000000000265e-01 7.360007479999998306e-04 3.233194169999999861e-04
1.507469999999999921e-01 8.001707790000003612e-04 3.221379200000000194e-04
1.515730000000000133e-01 3.989390860000000460e-04 3.374877070000000239e-04
1.523990000000000344e-01 4.574881279999999575e-04 3.285558540000000174e-04
1.532249999999999723e-01 9.413014899999998502e-04 3.261977939999999927e-04
1.540509999999999935e-01 7.389857850000000616e-04 3.122108250000000043e-04
1.548769999999999869e-01 6.667416430000002413e-04 3.146072919999999768e-04
1.557029999999999803e-01 1.117639339999999641e-03 3.170161649999999796e-04
1.565290000000000015e-01 3.935789050000001294e-04 3.185545289999999730e-04
1.573549999999999949e-01 4.377023829999999787e-04 3.111474549999999786e-04
1.581809999999999883e-01 5.599981750000001960e-04 3.219984800000000227e-04
1.590070000000000094e-01 1.068849350000000307e-03 3.161573839999999992e-04
1.598330000000000028e-01 8.217113830000002386e-04 3.269742789999999732e-04
1.606589999999999963e-01 2.308734939999999879e-04 3.091339240000000039e-04
1.614850000000000174e-01 4.277862659999998453e-04 3.215413620000000207e-04
1.623110000000000386e-01 9.486647779999995977e-04 3.172413240000000138e-04
1.631369999999999765e-01 7.756644490000003936e-04 3.018678019999999820e-04
1.639629999999999976e-01 1.133406860000000247e-03 3.142882450000000208e-04
1.647889999999999633e-01 2.623863030000001697e-05 3.033206949999999770e-04
1.656150000000000122e-01 5.631568129999997736e-04 3.017638700000000243e-04
1.664410000000000334e-01 2.221174419999999428e-04 3.002221369999999944e-04
1.672669999999999990e-01 1.072328559999999927e-03 3.073577600000000176e-04
1.680930000000000202e-01 2.650579570000000996e-04 3.069082049999999904e-04
1.689190000000000136e-01 9.769303279999999763e-04 2.835452960000000200e-04
1.697450000000000347e-01 4.240348780000000148e-04 2.937147319999999892e-04
