3.650999999999999732e-03 1.101228410000000046e+00 3.720578860000000043e-01
3.820000000000001346e-03 1.031216939999999971e+00 2.945947130000000080e-01
3.990000000000001358e-03 5.244442750000000153e-01 2.832310969999999872e-01
4.160000000000000503e-03 1.109260750000000018e+00 2.526021219999999845e-01
4.330000000000001383e-03 1.287093510000000052e+00 2.630523630000000113e-01
4.498999999999999527e-03 7.318488309999999775e-01 2.281767110000000043e-01
4.668999999999997805e-03 8.493156459999999797e-01 2.208900799999999887e-01
4.839000000000002154e-03 9.169442319999999702e-01 1.965533610000000098e-01
5.009000000000003033e-03 6.767764210000000169e-01 1.825833950000000094e-01
5.178999999999999576e-03 1.214196290000000067e+00 1.820542840000000107e-01
5.347999999999998588e-03 9.275438409999999800e-01 1.689378830000000109e-01
5.518000000000000335e-03 8.291324490000000491e-01 1.621926449999999964e-01
5.603000000000001209e-03 1.097953809999999919e+00 1.046440929999999936e-01
5.943000000000002968e-03 9.523054069999999927e-01 6.940620990000000157e-02
6.282000000000002859e-03 8.113333040000000329e-01 5.958832459999999914e-02
6.622000000000002017e-03 7.669269509999999679e-01 5.099220950000000335e-02
6.961000000000001041e-03 7.835227580000000414e-01 4.847044229999999954e-02
7.301000000000002800e-03 6.732967739999999868e-01 4.415017339999999929e-02
7.641000000000000222e-03 6.787903669999999501e-01 4.153837710000000266e-02
7.979999999999995777e-03 6.774147689999999722e-01 4.080883660000000218e-02
8.320000000000001006e-03 5.803461890000000123e-01 3.681983040000000318e-02
8.659000000000000030e-03 6.142419909999999872e-01 3.619636949999999881e-02
8.999000000000003524e-03 5.177224510000000279e-01 3.262886350000000074e-02
9.339000000000000079e-03 5.062524379999999713e-01 3.146740499999999691e-02
9.677999999999995634e-03 5.130764340000000256e-01 3.068668719999999989e-02
1.001800000000000260e-02 4.687021530000000102e-01 2.806204909999999997e-02
1.035700000000000162e-02 5.412621060000000206e-01 2.984450450000000060e-02
1.069699999999999818e-02 4.341100480000000261e-01 2.616790559999999932e-02
1.103600000000000241e-02 4.231448769999999748e-01 2.588043679999999999e-02
1.137600000000000243e-02 4.205151460000000063e-01 2.527935229999999853e-02
1.171599999999999898e-02 3.858988529999999861e-01 2.362715899999999827e-02
1.205500000000000148e-02 4.013418799999999842e-01 2.351702079999999986e-02
1.239499999999999803e-02 3.421870530000000188e-01 2.128013369999999863e-02
1.273399999999999879e-02 3.370262419999999759e-01 2.156800420000000093e-02
1.307400000000000055e-02 3.311825119999999845e-01 2.058269869999999890e-02
1.341399999999999884e-02 3.066835110000000197e-01 1.965656639999999872e-02
1.375299999999999613e-02 2.919087320000000596e-01 1.839777160000000134e-02
1.409299999999999962e-02 2.840082600000000124e-01 1.804250710000000063e-02
1.443199999999999691e-02 2.907662500000000039e-01 1.810141510000000051e-02
1.477199999999999694e-02 2.885682969999999736e-01 1.748680180000000001e-02
1.511100000000000290e-02 2.637408059999999943e-01 1.715025270000000018e-02
1.545099999999999772e-02 2.354075520000000199e-01 1.594112740000000125e-02
1.579099999999999948e-02 2.470497250000000256e-01 1.598602459999999906e-02
1.613000000000000198e-02 2.124597420000000070e-01 1.476968659999999996e-02
1.646999999999999853e-02 2.089040240000000215e-01 1.447318220000000030e-02
1.680900000000000102e-02 2.216948090000000204e-01 1.470852689999999942e-02
1.714900000000000105e-02 2.111335920000000088e-01 1.392125720000000032e-02
1.748800000000000354e-02 2.116317729999999953e-01 1.373263909999999921e-02
1.782800000000000357e-02 1.781715369999999909e-01 1.291100830000000040e-02
1.816800000000000359e-02 1.789429860000000261e-01 1.266848570000000083e-02
1.850700000000000262e-02 1.714319990000000293e-01 1.225767290000000058e-02
1.884699999999999570e-02 1.877733000000000041e-01 1.261500230000000070e-02
1.918599999999999819e-02 1.603568220000000100e-01 1.174234860000000075e-02
1.952599999999999822e-02 1.630860030000000349e-01 1.142775090000000028e-02
1.986600000000000518e-02 1.615931320000000004e-01 1.149034999999999987e-02
2.020500000000000421e-02 1.530189109999999797e-01 1.106912449999999937e-02
2.054500000000000076e-02 1.342528209999999944e-01 1.044845070000000042e-02
2.088400000000000326e-02 1.403804090000000115e-01 1.027776610000000028e-02
2.122400000000000328e-02 1.283357450000000011e-01 9.825556710000000679e-03
2.156300000000000230e-02 1.240152699999999969e-01 9.345798540000000224e-03
2.190299999999999539e-02 1.009662759999999937e-01 8.627765140000000221e-03
2.224299999999999888e-02 1.263462919999999989e-01 9.456202099999999958e-03
2.258199999999999791e-02 1.035597519999999910e-01 8.762336310000000406e-03
2.292200000000000487e-02 1.031564059999999922e-01 8.682095169999999237e-03
2.326099999999999696e-02 1.193333230000000189e-01 9.091690700000000167e-03
2.360099999999999698e-02 9.354155450000001260e-02 7.973381760000000304e-03
2.436699999999999630e-02 9.456640800000001845e-02 3.526846540000000158e-03
2.519300000000000012e-02 9.094427009999998812e-02 3.358942939999999891e-03
2.601900000000000740e-02 8.105471930000000824e-02 3.158186859999999926e-03
2.684500000000000081e-02 7.170590259999999605e-02 2.980443580000000005e-03
2.767099999999999421e-02 6.447687869999998989e-02 2.788077769999999875e-03
2.849700000000000150e-02 5.584791890000001535e-02 2.514026930000000121e-03
2.932299999999999143e-02 5.509608699999998804e-02 2.440185440000000074e-03
3.014899999999999178e-02 5.290386399999999489e-02 2.337087380000000061e-03
3.097499999999999559e-02 4.320837099999999542e-02 2.202397349999999938e-03
3.180100000000000982e-02 4.489020660000000995e-02 2.131835559999999824e-03
3.262700000000000322e-02 4.145031569999998999e-02 2.022372010000000105e-03
3.345299999999998969e-02 3.543289769999999339e-02 1.904358699999999897e-03
3.427899999999999697e-02 3.556048430000000732e-02 1.815528089999999921e-03
3.510500000000000426e-02 3.038788179999999881e-02 1.752388710000000105e-03
3.593100000000000460e-02 2.809384090000000000e-02 1.599081569999999917e-03
3.675799999999999901e-02 2.637972690000000425e-02 1.594176780000000019e-03
3.758399999999999935e-02 2.477739769999999855e-02 1.516889090000000072e-03
3.840999999999999970e-02 2.178708280000000649e-02 1.416762380000000012e-03
3.923600000000000004e-02 2.201271490000000428e-02 1.432631020000000102e-03
4.006200000000000039e-02 1.934834919999999653e-02 1.321213680000000003e-03
4.088799999999999379e-02 2.050500309999999868e-02 1.362886960000000069e-03
4.171400000000000108e-02 1.816260990000000478e-02 1.309331159999999961e-03
4.254000000000000142e-02 1.881163800000000205e-02 1.217703290000000027e-03
4.336599999999999483e-02 1.592111430000000410e-02 1.170598919999999918e-03
4.419200000000000905e-02 1.412503740000000015e-02 1.113513279999999968e-03
4.501800000000000246e-02 1.320902429999999857e-02 1.086719770000000055e-03
4.584399999999999586e-02 1.330509480000000369e-02 1.050618610000000073e-03
4.666999999999999621e-02 1.380753019999999762e-02 1.069286910000000071e-03
4.749599999999998962e-02 1.143551869999999762e-02 9.967917350000000086e-04
4.832199999999999690e-02 9.453176750000001974e-03 9.435365210000000056e-04
4.914800000000000418e-02 9.708240229999999873e-03 8.959056039999999804e-04
4.997400000000000453e-02 9.939888279999998036e-03 9.401329809999999735e-04
5.080000000000000487e-02 8.891278119999996774e-03 8.856494150000000396e-04
5.162599999999998440e-02 8.914659389999995964e-03 8.897543839999999624e-04
5.245200000000000556e-02 7.306423759999996353e-03 7.937894199999999878e-04
5.327799999999999897e-02 6.779209449999998652e-03 7.813970229999999892e-04
5.410399999999998544e-02 7.594385409999997866e-03 7.872483499999999518e-04
5.492999999999999966e-02 6.428518210000002883e-03 7.761475059999999645e-04
5.575599999999999307e-02 6.271766740000000312e-03 7.140738250000000292e-04
5.658199999999999341e-02 5.723555679999998980e-03 7.396615109999999825e-04
5.740800000000000070e-02 6.406207049999997766e-03 6.897067379999999781e-04
5.823400000000000798e-02 4.734018289999998401e-03 6.744011509999999756e-04
5.906000000000000139e-02 4.442910139999998141e-03 6.944289009999999500e-04
5.988600000000000173e-02 5.688269079999999818e-03 6.862649049999999763e-04
6.071200000000001595e-02 5.539269760000001611e-03 6.946496940000000285e-04
6.153800000000000242e-02 5.181521399999998966e-03 6.426101930000000439e-04
6.236400000000000277e-02 3.708543180000000491e-03 6.304575560000000127e-04
6.318999999999999617e-02 4.352790140000000786e-03 6.411021829999999757e-04
6.401600000000000346e-02 4.866604119999997854e-03 6.454201879999999641e-04
6.484199999999998298e-02 5.244642260000002311e-03 6.347585579999999623e-04
6.566799999999999027e-02 3.577830020000001381e-03 5.727240880000000148e-04
6.649399999999998367e-02 4.147075220000000055e-03 5.689306070000000031e-04
6.732000000000000484e-02 4.246322279999998305e-03 5.878128919999999619e-04
6.814599999999998436e-02 3.711294600000000169e-03 5.953491310000000271e-04
6.897200000000001940e-02 2.507753010000000112e-03 5.735197280000000003e-04
6.979800000000001281e-02 2.009916209999999641e-03 5.506856910000000344e-04
7.062400000000002009e-02 1.472332910000000508e-03 5.305207009999999461e-04
7.144999999999998574e-02 2.573035189999999233e-03 5.337002259999999807e-04
7.227600000000002078e-02 1.686465539999999633e-03 4.765092509999999874e-04
7.310200000000001419e-02 2.033486849999999353e-03 5.075282770000000146e-04
7.392799999999997984e-02 2.104632010000000338e-03 4.872662870000000254e-04
7.475400000000000100e-02 1.589694719999999511e-03 5.160149429999999959e-04
7.557999999999998053e-02 2.746325609999999279e-03 4.958639699999999517e-04
7.640599999999998782e-02 1.607551609999999980e-03 4.790438919999999738e-04
7.723199999999998122e-02 1.677961690000000661e-03 4.778013639999999836e-04
7.805800000000001626e-02 1.685665710000000019e-03 4.732454109999999973e-04
7.888399999999999579e-02 2.352641920000000161e-03 4.756624119999999941e-04
7.971000000000001695e-02 1.518606649999999390e-03 4.600258949999999755e-04
8.053599999999998260e-02 2.328308140000001029e-03 4.663846300000000023e-04
8.136200000000001764e-02 1.357796899999999529e-03 4.046126440000000235e-04
8.218799999999998329e-02 1.292816859999999617e-03 4.669431590000000065e-04
8.301399999999999058e-02 1.238996860000000488e-03 4.797000680000000042e-04
8.384000000000001174e-02 2.351768150000000442e-03 4.583178550000000222e-04
8.466599999999999127e-02 1.550613910000000215e-03 4.439668790000000226e-04
8.549199999999999855e-02 1.711270599999999966e-03 4.481132039999999816e-04
8.631800000000001971e-02 1.074351020000000436e-03 4.308655089999999742e-04
8.714399999999999924e-02 1.044939130000000502e-03 4.418627069999999995e-04
8.797000000000002040e-02 9.509551549999996703e-04 4.515245909999999921e-04
8.879599999999999993e-02 1.580013440000000097e-03 4.675530449999999835e-04
8.962200000000000721e-02 6.326003059999997340e-04 4.591321730000000215e-04
9.044799999999998674e-02 1.282902280000000660e-03 4.636420110000000140e-04
9.127399999999999403e-02 8.309152530000001773e-04 4.401458860000000053e-04
9.210000000000000131e-02 1.433210020000000220e-03 4.350033590000000248e-04
9.292599999999999472e-02 1.926747449999999424e-03 4.555917400000000068e-04
9.375199999999998812e-02 1.513791639999999402e-03 4.434043920000000044e-04
9.457800000000000928e-02 1.267518890000000377e-03 4.508413049999999761e-04
9.540399999999998881e-02 1.161906770000000269e-03 4.292824969999999799e-04
9.622999999999999610e-02 1.099691950000000404e-03 4.601445780000000259e-04
9.705600000000001726e-02 4.128566890000001394e-04 4.467564950000000039e-04
9.788200000000001066e-02 1.154383800000000201e-03 3.967975690000000058e-04
9.870800000000003183e-02 4.400653879999998682e-04 4.246982390000000125e-04
9.953399999999999748e-02 1.228896100000000406e-03 4.222398860000000178e-04
1.003600000000000186e-01 9.288789030000003553e-04 4.342534409999999770e-04
1.011859999999999982e-01 8.254410529999997885e-04 4.247929230000000063e-04
1.020120000000000055e-01 1.452263549999999398e-03 4.274008269999999827e-04
1.036640000000000200e-01 9.358641549999997160e-04 4.534820179999999885e-04
1.044900000000000134e-01 1.376304139999999293e-03 4.519259310000000142e-04
1.053160000000000068e-01 1.000014779999999943e-03 4.630918959999999994e-04
1.061420000000000002e-01 8.838238169999997149e-04 3.936515290000000165e-04
1.069679999999999936e-01 1.294633069999999615e-03 4.320059380000000008e-04
1.077940000000000148e-01 4.357503949999998790e-04 4.180426160000000118e-04
1.086199999999999943e-01 7.266528610000000778e-04 3.992067830000000012e-04
1.094469999999999887e-01 5.342960710000000096e-04 4.402902979999999758e-04
1.102729999999999821e-01 6.483484200000002532e-04 4.227858729999999930e-04
1.110990000000000033e-01 8.831157819999996576e-04 4.374639130000000068e-04
1.119249999999999828e-01 6.086984529999998894e-04 4.295179469999999846e-04
1.127510000000000179e-01 7.463155730000003117e-04 4.400247109999999920e-04
1.135770000000000113e-01 1.087525310000000056e-03 4.405589839999999907e-04
1.144029999999999908e-01 6.562982430000000424e-04 3.977344689999999798e-04
1.152289999999999842e-01 4.863766600000002426e-04 4.047404150000000265e-04
1.160549999999999915e-01 1.270189169999999665e-03 3.731823530000000048e-04
1.168810000000000127e-01 1.037404049999999817e-03 4.066774010000000065e-04
1.177070000000000061e-01 1.484504179999999703e-03 4.205211130000000171e-04
1.185330000000000134e-01 7.479953510000000036e-04 3.866417259999999859e-04
1.193590000000000068e-01 7.559142980000002187e-04 3.830491420000000269e-04
1.201850000000000002e-01 5.823359740000003506e-04 3.797710060000000234e-04
1.210109999999999797e-01 3.026033439999999022e-04 3.682380979999999950e-04
1.226630000000000081e-01 8.059255329999995840e-04 3.703450589999999869e-04
1.234890000000000154e-01 5.898718849999998832e-04 3.508229170000000050e-04
1.243150000000000088e-01 6.584309239999997735e-04 3.862752130000000135e-04
1.251410000000000022e-01 1.403546079999999981e-05 3.693742999999999983e-04
1.259669999999999956e-01 1.354870500000000593e-03 3.747253619999999777e-04
1.276190000000000102e-01 1.216945560000000457e-03 3.769642320000000262e-04
1.284450000000000036e-01 8.618490689999998679e-04 3.634302510000000084e-04
1.292709999999999970e-01 1.361241579999999647e-03 3.923116110000000032e-04
1.300969999999999904e-01 5.861434640000001131e-04 3.728989140000000136e-04
1.317489999999999772e-01 3.108850920000000143e-04 3.448425179999999794e-04
1.325749999999999984e-01 5.511079569999998698e-04 3.329118550000000239e-04
1.334009999999999918e-01 4.753167700000000004e-04 3.554191659999999804e-04
1.342270000000000130e-01 6.109516209999997808e-04 3.318705790000000232e-04
1.350530000000000064e-01 5.217106010000001912e-04 3.412285309999999990e-04
1.358789999999999998e-01 2.246687089999999294e-04 3.478931970000000238e-04
1.367049999999999932e-01 5.969380660000002609e-04 3.392437760000000207e-04
1.375309999999999866e-01 4.495315509999999425e-04 3.426661519999999773e-04
1.383569999999999800e-01 7.355479790000001234e-04 3.351801839999999960e-04
1.391830000000000012e-01 2.797056620000000038e-04 3.200868359999999913e-04
1.400089999999999946e-01 1.215983969999999501e-03 3.386792859999999830e-04
1.408350000000000157e-01 5.781965410000000389e-05 3.367303300000000195e-04
1.416610000000000091e-01 5.385054149999998546e-04 3.496953660000000201e-04
1.424870000000000025e-01 6.291186819999998936e-04 3.511844099999999786e-04
1.433129999999999959e-01 3.489326280000000784e-04 3.391128570000000197e-04
1.441389999999999894e-01 5.792397150000000178e-04 3.295634160000000205e-04
1.449649999999999828e-01 1.999629480000000143e-04 3.097367519999999941e-04
1.457910000000000039e-01 1.238181170000000604e-04 3.165127419999999841e-04
1.466169999999999973e-01 2.380200149999999956e-04 3.352537360000000240e-04
1.474429999999999907e-01 5.734111879999996986e-04 3.251682839999999776e-04
1.482690000000000119e-01 6.798375599999997984e-04 3.376990950000000069e-04
