5.518000000000000335e-03 3.260809459999999826e-01 1.314535119999999946e-01
5.943000000000002968e-03 4.702591580000000104e-01 6.041244180000000102e-02
6.282000000000002859e-03 4.234070670000000258e-01 5.069032080000000079e-02
6.622000000000002017e-03 3.676378900000000227e-01 4.116850700000000002e-02
6.961000000000001041e-03 2.834981770000000734e-01 3.547901960000000160e-02
7.301000000000002800e-03 2.844511730000000016e-01 3.402629759999999809e-02
7.641000000000000222e-03 2.520556259999999771e-01 2.980817499999999926e-02
7.979999999999995777e-03 2.612663590000000036e-01 2.990968340000000128e-02
8.320000000000001006e-03 2.627929870000000334e-01 2.750567950000000136e-02
8.659000000000000030e-03 1.948318960000000044e-01 2.422927949999999914e-02
8.999000000000003524e-03 2.401713350000000136e-01 2.439676940000000058e-02
9.339000000000000079e-03 2.240585599999999900e-01 2.329584269999999957e-02
9.677999999999995634e-03 2.287985969999999647e-01 2.215400660000000146e-02
1.001800000000000260e-02 2.131182019999999788e-01 2.024858179999999841e-02
1.035700000000000162e-02 1.844192570000000031e-01 1.931933619999999865e-02
1.069699999999999818e-02 1.756370220000000038e-01 1.783170770000000113e-02
1.103600000000000241e-02 1.795491410000000232e-01 1.804858499999999893e-02
1.137600000000000243e-02 1.583223089999999666e-01 1.715885459999999876e-02
1.171599999999999898e-02 1.649040780000000095e-01 1.681288569999999857e-02
1.205500000000000148e-02 1.791780729999999933e-01 1.646594850000000082e-02
1.239499999999999803e-02 1.513263149999999890e-01 1.480314819999999955e-02
1.273399999999999879e-02 1.259441580000000283e-01 1.451305750000000082e-02
1.307400000000000055e-02 1.481846319999999828e-01 1.486064190000000070e-02
1.341399999999999884e-02 1.386045200000000088e-01 1.385084410000000064e-02
1.375299999999999613e-02 1.322368539999999870e-01 1.289847040000000056e-02
1.409299999999999962e-02 1.293507489999999593e-01 1.267196580000000058e-02
1.443199999999999691e-02 1.155321039999999966e-01 1.191348570000000037e-02
1.477199999999999694e-02 1.286319670000000137e-01 1.201722659999999998e-02
1.511100000000000290e-02 1.013693269999999952e-01 1.142042750000000009e-02
1.545099999999999772e-02 1.095792329999999842e-01 1.138367470000000055e-02
1.579099999999999948e-02 1.099277740000000059e-01 1.130646400000000044e-02
1.613000000000000198e-02 1.169972910000000171e-01 1.127857330000000061e-02
1.646999999999999853e-02 1.047680309999999976e-01 1.065660539999999969e-02
1.680900000000000102e-02 1.072194560000000185e-01 1.064373629999999966e-02
1.714900000000000105e-02 9.118873240000001379e-02 9.503705669999999370e-03
1.748800000000000354e-02 1.065272030000000009e-01 9.901970540000000834e-03
1.782800000000000357e-02 9.998759309999999401e-02 1.001683750000000039e-02
1.816800000000000359e-02 1.043349479999999968e-01 9.905135440000000652e-03
1.850700000000000262e-02 1.049098430000000165e-01 9.848490839999999788e-03
1.884699999999999570e-02 8.776629219999998455e-02 8.899195170000000557e-03
1.918599999999999819e-02 8.040311070000000226e-02 8.643523599999999515e-03
1.952599999999999822e-02 8.008786989999999717e-02 8.105929019999999485e-03
1.986600000000000518e-02 9.175905870000002074e-02 8.929323589999999672e-03
2.020500000000000421e-02 7.959995300000001495e-02 8.211692410000000567e-03
2.054500000000000076e-02 8.909123330000000285e-02 8.700595159999999564e-03
2.088400000000000326e-02 8.301397859999999629e-02 8.038738059999999894e-03
2.122400000000000328e-02 8.144774329999998619e-02 7.918827550000000215e-03
2.156300000000000230e-02 8.032283750000000777e-02 7.582660379999999964e-03
2.190299999999999539e-02 8.429075649999999420e-02 7.958879400000000437e-03
2.224299999999999888e-02 6.840635140000000947e-02 7.067574600000000283e-03
2.258199999999999791e-02 6.654493379999999736e-02 7.172966670000000163e-03
2.292200000000000487e-02 6.619282889999998643e-02 7.171374010000000285e-03
2.326099999999999696e-02 6.609090529999998853e-02 6.967335080000000395e-03
2.360099999999999698e-02 6.400139469999999164e-02 6.680073530000000398e-03
2.436699999999999630e-02 6.313296540000000456e-02 2.956736709999999938e-03
2.519300000000000012e-02 5.751255670000000875e-02 2.725942009999999822e-03
2.601900000000000740e-02 5.866582870000001254e-02 2.752918599999999803e-03
2.684500000000000081e-02 4.532855850000000464e-02 2.473678689999999833e-03
2.767099999999999421e-02 4.817364210000001090e-02 2.475306400000000170e-03
2.849700000000000150e-02 4.405921050000000810e-02 2.271939079999999844e-03
2.932299999999999143e-02 4.665856920000000657e-02 2.245270440000000142e-03
3.014899999999999178e-02 4.144875189999999709e-02 2.113641299999999973e-03
3.097499999999999559e-02 3.532755509999999100e-02 2.046675349999999872e-03
3.180100000000000982e-02 3.404805629999999722e-02 1.878129010000000043e-03
3.262700000000000322e-02 3.259297299999999037e-02 1.813908169999999898e-03
3.345299999999998969e-02 3.018582539999999440e-02 1.793514439999999936e-03
3.427899999999999697e-02 2.628691660000000152e-02 1.588456659999999991e-03
3.510500000000000426e-02 2.627215139999999546e-02 1.645699040000000090e-03
3.593100000000000460e-02 2.531253120000000190e-02 1.536843779999999896e-03
3.675799999999999901e-02 2.219381150000000053e-02 1.501207750000000101e-03
3.758399999999999935e-02 2.154541419999999458e-02 1.424644479999999901e-03
3.840999999999999970e-02 2.086887020000000037e-02 1.388220359999999985e-03
3.923600000000000004e-02 1.888089560000000278e-02 1.350852040000000099e-03
4.006200000000000039e-02 1.504029050000000277e-02 1.212496449999999910e-03
4.088799999999999379e-02 1.727392210000000192e-02 1.267282380000000000e-03
4.171400000000000108e-02 1.563528759999999879e-02 1.245557100000000035e-03
4.254000000000000142e-02 1.406246520000000409e-02 1.085243910000000108e-03
4.336599999999999483e-02 1.429632399999999741e-02 1.118908079999999952e-03
4.419200000000000905e-02 1.444934889999999715e-02 1.119352099999999925e-03
4.501800000000000246e-02 1.305378299999999936e-02 1.088589949999999940e-03
4.584399999999999586e-02 1.229449649999999651e-02 1.017895119999999952e-03
4.666999999999999621e-02 1.068586780000000021e-02 9.811568639999999723e-04
4.749599999999998962e-02 8.706930009999998971e-03 9.020589509999999561e-04
4.832199999999999690e-02 9.153511480000002878e-03 9.390818750000000034e-04
4.914800000000000418e-02 9.607401119999999309e-03 8.892547669999999920e-04
4.997400000000000453e-02 9.254440900000004272e-03 9.191358049999999967e-04
5.080000000000000487e-02 9.404343630000000856e-03 9.071148729999999700e-04
5.162599999999998440e-02 8.820513230000003729e-03 8.800449330000000318e-04
5.245200000000000556e-02 6.717970660000002758e-03 7.718192370000000061e-04
5.327799999999999897e-02 7.773832880000003040e-03 8.173563970000000253e-04
5.410399999999998544e-02 6.989387630000001503e-03 7.693329350000000172e-04
5.492999999999999966e-02 6.337970540000000506e-03 7.699351840000000441e-04
5.575599999999999307e-02 7.251562440000002170e-03 7.467824700000000532e-04
5.658199999999999341e-02 5.999702630000000939e-03 7.512918389999999683e-04
5.740800000000000070e-02 7.709437110000000835e-03 7.320979170000000433e-04
5.823400000000000798e-02 5.002107080000000108e-03 6.847062280000000513e-04
5.906000000000000139e-02 6.236053510000002381e-03 7.544472539999999561e-04
5.988600000000000173e-02 5.096113390000002116e-03 6.649967630000000419e-04
6.071200000000001595e-02 5.599921609999998322e-03 6.941023479999999541e-04
6.153800000000000242e-02 6.418463549999997055e-03 6.880206780000000175e-04
6.236400000000000277e-02 3.040423150000000265e-03 6.063011259999999923e-04
6.318999999999999617e-02 4.000140329999998801e-03 6.255490920000000496e-04
6.401600000000000346e-02 4.246570880000001547e-03 6.297565199999999612e-04
6.484199999999998298e-02 3.722683599999998105e-03 5.738569749999999827e-04
6.566799999999999027e-02 5.229183249999999963e-03 6.352953069999999879e-04
6.649399999999998367e-02 4.394596469999998735e-03 5.764996590000000341e-04
6.732000000000000484e-02 4.771342670000000390e-03 6.069929049999999533e-04
6.814599999999998436e-02 3.748352859999999533e-03 5.980489879999999593e-04
6.897200000000001940e-02 2.521581600000000808e-03 5.702424129999999688e-04
6.979800000000001281e-02 3.641598160000001760e-03 6.080585179999999611e-04
7.062400000000002009e-02 3.693685290000001814e-03 6.080784400000000455e-04
7.144999999999998574e-02 3.739513700000001405e-03 5.744924620000000119e-04
7.227600000000002078e-02 2.611789839999999890e-03 5.156127050000000383e-04
7.310200000000001419e-02 3.051690820000001192e-03 5.424693469999999820e-04
7.392799999999997984e-02 2.722977730000000676e-03 5.111597029999999722e-04
7.475400000000000100e-02 2.305122939999999006e-03 5.402366230000000408e-04
7.557999999999998053e-02 2.327030889999998943e-03 4.809573640000000191e-04
7.640599999999998782e-02 2.673335439999999751e-03 5.221262480000000202e-04
7.723199999999998122e-02 2.774822789999999584e-03 5.154680610000000190e-04
7.805800000000001626e-02 3.265872659999999490e-03 5.273322829999999928e-04
7.888399999999999579e-02 2.864263259999999100e-03 4.964815559999999524e-04
7.971000000000001695e-02 2.146375690000000558e-03 4.820296469999999921e-04
8.053599999999998260e-02 2.475845799999998927e-03 4.732952429999999922e-04
8.136200000000001764e-02 3.334360079999999435e-03 4.809389339999999903e-04
8.218799999999998329e-02 1.764480459999999157e-03 4.863834190000000147e-04
8.301399999999999058e-02 1.227846690000000381e-03 4.764483590000000049e-04
8.384000000000001174e-02 2.702199100000000648e-03 4.694836649999999762e-04
8.466599999999999127e-02 2.934080550000000773e-03 4.965600940000000066e-04
8.549199999999999855e-02 2.501986399999999149e-03 4.779230920000000099e-04
8.631800000000001971e-02 2.303052950000000852e-03 4.800292429999999857e-04
8.714399999999999924e-02 1.976581949999999064e-03 4.785925130000000249e-04
8.797000000000002040e-02 1.635399369999999443e-03 4.749061710000000041e-04
8.879599999999999993e-02 1.370262219999999250e-03 4.597610340000000181e-04
8.962200000000000721e-02 1.876476440000000162e-03 5.058301149999999474e-04
9.044799999999998674e-02 2.261041689999999070e-03 4.993944759999999509e-04
9.127399999999999403e-02 2.423675499999999872e-03 5.017288900000000263e-04
9.210000000000000131e-02 1.482302289999999721e-03 4.354865930000000268e-04
9.292599999999999472e-02 1.929376880000000394e-03 4.540353519999999884e-04
9.375199999999998812e-02 2.380864699999999268e-03 4.792012479999999933e-04
9.457800000000000928e-02 1.539714090000000044e-03 4.604854789999999901e-04
9.540399999999998881e-02 1.267347309999999460e-03 4.332146349999999729e-04
9.622999999999999610e-02 1.606063489999999365e-03 4.781134389999999886e-04
9.705600000000001726e-02 1.597767200000000439e-03 4.934643529999999893e-04
9.788200000000001066e-02 2.499714839999999348e-03 4.514267660000000266e-04
9.870800000000003183e-02 1.408590799999999334e-03 4.614782659999999963e-04
9.953399999999999748e-02 1.902462059999999273e-03 4.504441980000000074e-04
1.003600000000000186e-01 1.197258939999999803e-03 4.436651469999999971e-04
1.011859999999999982e-01 9.255069150000003403e-04 4.291339909999999968e-04
1.020120000000000055e-01 1.426446300000000370e-03 4.271026630000000117e-04
1.028379999999999989e-01 1.937038700000000540e-03 4.985680429999999512e-04
1.036640000000000200e-01 7.405638149999999595e-04 4.463882539999999973e-04
1.044900000000000134e-01 1.498718490000000006e-03 4.572475139999999873e-04
1.053160000000000068e-01 3.030055280000000756e-04 4.362206290000000017e-04
1.061420000000000002e-01 1.064717810000000413e-03 4.011377139999999981e-04
1.069679999999999936e-01 1.531058429999999438e-03 4.399760520000000263e-04
1.077940000000000148e-01 8.965404600000003625e-04 4.372870779999999758e-04
1.086199999999999943e-01 1.904758620000000877e-03 4.443289339999999732e-04
1.094469999999999887e-01 1.045151169999999777e-03 4.597120269999999793e-04
1.102729999999999821e-01 1.059603400000000027e-03 4.393512930000000104e-04
1.110990000000000033e-01 7.320836570000001028e-04 4.315448599999999928e-04
1.119249999999999828e-01 3.478342550000000557e-04 4.188932699999999942e-04
1.127510000000000179e-01 7.833217599999997994e-04 4.408985489999999808e-04
1.135770000000000113e-01 1.682081070000000572e-03 4.616185619999999879e-04
1.144029999999999908e-01 1.440875970000000342e-03 4.295994060000000222e-04
1.152289999999999842e-01 1.083117550000000165e-03 4.254054409999999831e-04
1.160549999999999915e-01 1.988991489999999626e-03 4.018473630000000030e-04
1.168810000000000127e-01 8.540691180000001227e-04 4.009483139999999758e-04
1.177070000000000061e-01 8.577113630000002178e-04 3.972374980000000074e-04
1.185330000000000134e-01 1.123148560000000393e-03 3.991068480000000101e-04
1.193590000000000068e-01 1.379501999999999898e-03 4.069710500000000208e-04
1.201850000000000002e-01 9.073091600000000347e-04 3.907771970000000015e-04
1.210109999999999797e-01 1.179899110000000089e-03 4.003349959999999972e-04
1.218369999999999870e-01 2.448552100000002242e-05 3.910848450000000234e-04
1.226630000000000081e-01 1.845025530000000621e-03 4.068786110000000011e-04
1.234890000000000154e-01 1.371942720000000502e-03 3.775299609999999920e-04
1.243150000000000088e-01 6.646818899999999957e-04 3.878678369999999809e-04
1.251410000000000022e-01 6.216438330000000978e-04 3.900097319999999744e-04
1.259669999999999956e-01 1.296458320000000355e-03 3.711759640000000067e-04
1.267929999999999890e-01 3.313748499999999127e-04 3.933836309999999971e-04
1.276190000000000102e-01 6.901731809999997989e-04 3.598536119999999790e-04
1.284450000000000036e-01 1.411056659999999257e-03 3.809274609999999811e-04
1.292709999999999970e-01 7.187829050000002365e-04 3.719606839999999872e-04
1.300969999999999904e-01 9.009334849999996089e-04 3.828563470000000179e-04
1.309229999999999838e-01 6.693294340000000833e-04 3.776329440000000012e-04
1.317489999999999772e-01 9.980703050000005062e-04 3.677728610000000173e-04
1.325749999999999984e-01 1.312196670000000207e-03 3.587090710000000117e-04
1.334009999999999918e-01 1.170853369999999517e-03 3.778627799999999953e-04
1.342270000000000130e-01 6.196223530000001187e-04 3.327162000000000045e-04
1.350530000000000064e-01 9.292551589999997232e-04 3.542692489999999732e-04
1.358789999999999998e-01 5.227773249999998796e-04 3.578605380000000110e-04
1.367049999999999932e-01 1.047270000000000536e-03 3.538411390000000163e-04
1.375309999999999866e-01 6.942017579999998746e-04 3.513333979999999873e-04
1.383569999999999800e-01 1.019469430000000077e-03 3.437822960000000059e-04
1.391830000000000012e-01 1.040872950000000519e-03 3.459405210000000169e-04
1.400089999999999946e-01 5.791692100000001746e-04 3.169819580000000003e-04
1.408350000000000157e-01 1.523502670000000342e-04 3.392117860000000190e-04
1.416610000000000091e-01 4.448325190000000260e-04 3.472078090000000044e-04
1.424870000000000025e-01 4.433865580000000335e-04 3.449894910000000166e-04
1.433129999999999959e-01 9.751838600000000508e-04 3.580423990000000168e-04
1.441389999999999894e-01 1.061531370000000146e-03 3.456639719999999791e-04
1.449649999999999828e-01 7.873648329999996314e-04 3.290014930000000255e-04
1.457910000000000039e-01 1.378309350000000207e-03 3.568400799999999840e-04
1.466169999999999973e-01 3.402683329999998778e-04 3.377676019999999732e-04
