2.970999999999998815e-03 1.398996439999999897e+00 1.070430369999999964e+00
3.141000000000000996e-03 1.550179729999999978e+00 7.005417360000000260e-01
3.311000000000000575e-03 1.210231110000000054e+00 4.862168740000000211e-01
3.481000000000000587e-03 1.362860739999999904e+00 4.153209900000000010e-01
3.650999999999999732e-03 7.500256189999999767e-01 3.601796179999999792e-01
3.820000000000001346e-03 1.374857439999999986e+00 3.105222999999999733e-01
3.990000000000001358e-03 1.077624460000000006e+00 3.068037459999999883e-01
4.160000000000000503e-03 1.185324480000000014e+00 2.563172429999999724e-01
4.330000000000001383e-03 1.462772860000000064e+00 2.722453380000000034e-01
4.498999999999999527e-03 7.506893620000000267e-01 2.298448610000000114e-01
4.668999999999997805e-03 1.000690529999999967e+00 2.281811260000000119e-01
4.839000000000002154e-03 9.879940820000000512e-01 2.017169360000000133e-01
5.009000000000003033e-03 9.114993249999999714e-01 1.947559600000000057e-01
5.263999999999999582e-03 6.541985999999999635e-01 1.638397450000000088e-01
5.603000000000001209e-03 6.813816230000000473e-01 9.906213460000000415e-02
5.943000000000002968e-03 7.665151559999999753e-01 6.648340029999999512e-02
6.282000000000002859e-03 8.007169480000000394e-01 5.854744750000000220e-02
6.622000000000002017e-03 7.133055050000000064e-01 4.943243130000000291e-02
6.961000000000001041e-03 6.946735939999999498e-01 4.624705290000000191e-02
7.301000000000002800e-03 6.332812479999999633e-01 4.317884319999999720e-02
7.641000000000000222e-03 6.159907690000000491e-01 4.013097110000000273e-02
7.979999999999995777e-03 5.510512130000000397e-01 3.773414619999999886e-02
8.320000000000001006e-03 6.031316519999999626e-01 3.712751570000000223e-02
8.659000000000000030e-03 5.758125039999999473e-01 3.493223780000000167e-02
8.999000000000003524e-03 5.175394150000000026e-01 3.267194849999999900e-02
9.339000000000000079e-03 5.109916129999999557e-01 3.121721280000000140e-02
9.677999999999995634e-03 5.062829380000000157e-01 3.054510989999999898e-02
1.001800000000000260e-02 5.111385920000000027e-01 2.918221019999999929e-02
1.035700000000000162e-02 4.309319939999999849e-01 2.671241350000000056e-02
1.069699999999999818e-02 4.420787640000000129e-01 2.620798250000000093e-02
1.103600000000000241e-02 3.902111719999999950e-01 2.470297009999999904e-02
1.137600000000000243e-02 3.783226129999999743e-01 2.420792249999999951e-02
1.171599999999999898e-02 3.688276589999999744e-01 2.331776370000000070e-02
1.205500000000000148e-02 3.580142559999999752e-01 2.217133019999999871e-02
1.239499999999999803e-02 3.525722960000000072e-01 2.148410239999999985e-02
1.273399999999999879e-02 3.325741930000000179e-01 2.106089140000000012e-02
1.307400000000000055e-02 3.452522120000000028e-01 2.107482429999999948e-02
1.341399999999999884e-02 3.114289940000000145e-01 1.967132610000000073e-02
1.375299999999999613e-02 2.990105860000000226e-01 1.855908579999999974e-02
1.409299999999999962e-02 2.795201370000000018e-01 1.803377629999999843e-02
1.443199999999999691e-02 2.417578189999999849e-01 1.637641800000000022e-02
1.477199999999999694e-02 2.665395280000000255e-01 1.682019679999999934e-02
1.511100000000000290e-02 2.335812489999999908e-01 1.608705439999999834e-02
1.545099999999999772e-02 2.449302370000000229e-01 1.616382109999999969e-02
1.579099999999999948e-02 2.145727509999999782e-01 1.495915989999999952e-02
1.613000000000000198e-02 2.202161830000000098e-01 1.487799300000000081e-02
1.646999999999999853e-02 2.381522650000000296e-01 1.526253389999999988e-02
1.680900000000000102e-02 1.943233089999999996e-01 1.386508539999999935e-02
1.714900000000000105e-02 1.899036180000000240e-01 1.328535110000000040e-02
1.748800000000000354e-02 2.058142069999999713e-01 1.336763640000000058e-02
1.782800000000000357e-02 1.874824150000000134e-01 1.321399610000000002e-02
1.816800000000000359e-02 1.809510719999999906e-01 1.264297999999999984e-02
1.850700000000000262e-02 1.848653919999999895e-01 1.273167130000000050e-02
1.884699999999999570e-02 1.609518309999999897e-01 1.164159810000000086e-02
1.918599999999999819e-02 1.611813559999999979e-01 1.175176319999999934e-02
1.952599999999999822e-02 1.421303889999999959e-01 1.058458749999999920e-02
1.986600000000000518e-02 1.655282899999999946e-01 1.164437439999999914e-02
2.020500000000000421e-02 1.557478870000000015e-01 1.105546169999999974e-02
2.054500000000000076e-02 1.507992829999999784e-01 1.098236139999999965e-02
2.088400000000000326e-02 1.350271289999999957e-01 1.000562519999999983e-02
2.122400000000000328e-02 1.365521640000000037e-01 1.005260489999999958e-02
2.156300000000000230e-02 1.399643289999999984e-01 9.945202530000000693e-03
2.190299999999999539e-02 1.251544970000000034e-01 9.448499120000000348e-03
2.224299999999999888e-02 1.062952560000000046e-01 8.720540270000000371e-03
2.258199999999999791e-02 1.164300109999999999e-01 9.197884289999999630e-03
2.292200000000000487e-02 1.153114890000000031e-01 9.070770639999999746e-03
2.326099999999999696e-02 1.122017579999999987e-01 8.787456810000000146e-03
2.354099999999999943e-02 1.025082989999999972e-01 3.807251389999999954e-03
2.436699999999999630e-02 9.847239099999997858e-02 3.553835490000000191e-03
2.519300000000000012e-02 8.787039079999998947e-02 3.306501019999999805e-03
2.601900000000000740e-02 7.833638509999998889e-02 3.095844539999999950e-03
2.684500000000000081e-02 7.706680120000000689e-02 3.073092910000000191e-03
2.767099999999999421e-02 6.902887130000000260e-02 2.867960809999999926e-03
2.849700000000000150e-02 5.576297470000001616e-02 2.511245880000000010e-03
2.932299999999999143e-02 6.165190949999999059e-02 2.533631419999999787e-03
3.014899999999999178e-02 5.357749579999998568e-02 2.344246199999999985e-03
3.097499999999999559e-02 4.706180380000000302e-02 2.297948330000000160e-03
3.180100000000000982e-02 4.394707480000001332e-02 2.098575719999999818e-03
3.262700000000000322e-02 4.178966910000000284e-02 2.020517270000000108e-03
3.345299999999998969e-02 3.934343450000001019e-02 1.987337300000000147e-03
3.427899999999999697e-02 3.961901779999999623e-02 1.899160680000000099e-03
3.510500000000000426e-02 3.251328150000000472e-02 1.787146380000000090e-03
3.593100000000000460e-02 3.054084290000000715e-02 1.656192149999999958e-03
3.675799999999999901e-02 2.874841119999999375e-02 1.656947659999999942e-03
3.758399999999999935e-02 2.922380410000000039e-02 1.609280229999999990e-03
3.840999999999999970e-02 2.528011600000000178e-02 1.502225719999999987e-03
3.923600000000000004e-02 2.293841049999999562e-02 1.452181899999999961e-03
4.006200000000000039e-02 2.049358780000000088e-02 1.353489889999999951e-03
4.088799999999999379e-02 1.987450140000000462e-02 1.333603260000000091e-03
4.171400000000000108e-02 1.643495479999999495e-02 1.262929629999999959e-03
4.254000000000000142e-02 1.987032609999999852e-02 1.244374099999999948e-03
4.336599999999999483e-02 1.730529390000000445e-02 1.210985880000000096e-03
4.419200000000000905e-02 1.477463299999999882e-02 1.121958670000000081e-03
4.501800000000000246e-02 1.339320410000000190e-02 1.093571929999999966e-03
4.584399999999999586e-02 1.461218030000000292e-02 1.086670920000000094e-03
4.666999999999999621e-02 1.417719490000000047e-02 1.081099909999999912e-03
4.749599999999998962e-02 1.285086170000000229e-02 1.027580690000000005e-03
4.832199999999999690e-02 1.127075459999999849e-02 9.993769219999999558e-04
4.914800000000000418e-02 1.120160469999999936e-02 9.372154249999999596e-04
4.997400000000000453e-02 9.600024499999996672e-03 9.278720709999999832e-04
5.080000000000000487e-02 9.522049659999998542e-03 9.090629479999999844e-04
5.162599999999998440e-02 8.898237080000002963e-03 8.817201900000000078e-04
5.245200000000000556e-02 9.664781419999999082e-03 8.695882430000000281e-04
5.327799999999999897e-02 7.740296229999996287e-03 8.131105599999999571e-04
5.410399999999998544e-02 6.117437050000002277e-03 7.377025920000000389e-04
5.492999999999999966e-02 6.706034950000000147e-03 7.807242469999999901e-04
5.575599999999999307e-02 8.095456049999999806e-03 7.731288489999999566e-04
5.658199999999999341e-02 5.415365709999999007e-03 7.289795260000000001e-04
5.740800000000000070e-02 6.441960250000001650e-03 6.887287169999999504e-04
5.823400000000000798e-02 5.610859860000001927e-03 7.037995989999999528e-04
5.906000000000000139e-02 5.377535990000002243e-03 7.252421470000000288e-04
5.988600000000000173e-02 5.802225589999999641e-03 6.862933620000000005e-04
6.071200000000001595e-02 4.995249830000002972e-03 6.735881420000000043e-04
6.153800000000000242e-02 5.445957230000001217e-03 6.516446109999999951e-04
6.236400000000000277e-02 4.611922620000000195e-03 6.606577080000000310e-04
6.318999999999999617e-02 4.448041420000001592e-03 6.431141740000000323e-04
6.401600000000000346e-02 4.029302660000001063e-03 6.177749829999999460e-04
6.484199999999998298e-02 3.777779800000001346e-03 5.796895689999999888e-04
6.566799999999999027e-02 3.759759570000001730e-03 5.783088349999999499e-04
6.649399999999998367e-02 3.294586999999998562e-03 5.344923450000000492e-04
6.732000000000000484e-02 3.037220009999998856e-03 5.433009210000000391e-04
6.814599999999998436e-02 3.091084299999999254e-03 5.718242030000000213e-04
6.897200000000001940e-02 2.152206690000000536e-03 5.581919380000000290e-04
6.979800000000001281e-02 1.684259220000000222e-03 5.384263830000000396e-04
7.062400000000002009e-02 1.771699699999999865e-03 5.410950560000000022e-04
7.144999999999998574e-02 2.666830650000001114e-03 5.348098700000000153e-04
7.227600000000002078e-02 2.954293639999998940e-03 5.266664889999999591e-04
7.310200000000001419e-02 1.907963259999999545e-03 5.009342850000000251e-04
7.392799999999997984e-02 2.732778730000000929e-03 5.091390659999999856e-04
7.475400000000000100e-02 2.449213310000000060e-03 5.463043979999999879e-04
7.557999999999998053e-02 2.665716900000001006e-03 4.912972499999999996e-04
7.640599999999998782e-02 1.886569520000000357e-03 4.903789729999999880e-04
7.723199999999998122e-02 2.442476869999998974e-03 5.060677489999999530e-04
7.805800000000001626e-02 2.026096480000000484e-03 4.838284970000000232e-04
7.888399999999999579e-02 1.783010869999999580e-03 4.538530350000000158e-04
7.971000000000001695e-02 2.589684790000000396e-03 4.976240010000000007e-04
8.053599999999998260e-02 1.917010679999999259e-03 4.494847049999999965e-04
8.136200000000001764e-02 2.854722679999999093e-03 4.637345719999999799e-04
8.218799999999998329e-02 1.017243780000000493e-03 4.564712619999999974e-04
8.301399999999999058e-02 1.470654770000000234e-03 4.876397779999999790e-04
8.384000000000001174e-02 1.511510990000000144e-03 4.234801500000000014e-04
8.466599999999999127e-02 1.692876750000000098e-03 4.496956859999999795e-04
8.549199999999999855e-02 2.065344420000000264e-03 4.614249160000000183e-04
8.631800000000001971e-02 1.613617150000000618e-03 4.517433780000000088e-04
8.714399999999999924e-02 1.724229909999999482e-03 4.690302660000000216e-04
8.797000000000002040e-02 1.151057940000000182e-03 4.567314580000000012e-04
8.879599999999999993e-02 1.227889649999999592e-03 4.532872009999999816e-04
8.962200000000000721e-02 7.076750549999999461e-04 4.623597640000000060e-04
9.044799999999998674e-02 1.079929940000000236e-03 4.538330680000000027e-04
9.127399999999999403e-02 1.248464829999999630e-03 4.575912719999999738e-04
9.210000000000000131e-02 1.181426400000000097e-03 4.233008060000000212e-04
9.292599999999999472e-02 1.667186699999999343e-03 4.437319200000000075e-04
9.375199999999998812e-02 1.707315500000000652e-03 4.511241449999999755e-04
9.457800000000000928e-02 1.442346860000000633e-03 4.563594010000000096e-04
9.540399999999998881e-02 2.042688250000000705e-03 4.609925779999999879e-04
9.622999999999999610e-02 3.491844770000000417e-04 4.308222949999999897e-04
9.705600000000001726e-02 9.463699369999997984e-04 4.672880549999999995e-04
9.788200000000001066e-02 1.226011439999999484e-03 4.000206070000000228e-04
9.870800000000003183e-02 1.513413699999999282e-03 4.642818870000000155e-04
9.953399999999999748e-02 1.525991279999999511e-03 4.361142600000000240e-04
1.003600000000000186e-01 1.045646240000000244e-03 4.365103929999999814e-04
1.011859999999999982e-01 1.038521649999999503e-03 4.330874780000000101e-04
1.020120000000000055e-01 1.470929290000000302e-03 4.289075850000000122e-04
1.028379999999999989e-01 4.901621089999999310e-04 4.465005700000000102e-04
1.036640000000000200e-01 9.329749700000000701e-04 4.516189030000000086e-04
1.044900000000000134e-01 1.294177060000000282e-03 4.507026140000000222e-04
1.053160000000000068e-01 5.473869529999997362e-04 4.446094259999999764e-04
1.061420000000000002e-01 1.197387810000000727e-03 4.056541120000000159e-04
1.069679999999999936e-01 1.414975190000000065e-03 4.359603640000000026e-04
1.077940000000000148e-01 8.874113180000000895e-04 4.345809279999999814e-04
1.086199999999999943e-01 1.099016769999999494e-03 4.145185369999999730e-04
1.094469999999999887e-01 8.376809000000002420e-04 4.507931070000000115e-04
1.102729999999999821e-01 9.098299609999998660e-04 4.323258019999999991e-04
1.110990000000000033e-01 5.006844619999998268e-04 4.225242870000000140e-04
1.119249999999999828e-01 3.249542330000001729e-04 4.166689469999999861e-04
1.127510000000000179e-01 2.314410909999999163e-04 4.206517269999999900e-04
1.135770000000000113e-01 1.015368740000000079e-03 4.379773269999999788e-04
1.144029999999999908e-01 4.826246569999998880e-04 3.896232089999999981e-04
1.152289999999999842e-01 7.585442269999997369e-04 4.129329749999999764e-04
1.160549999999999915e-01 1.075353029999999476e-03 3.638910030000000180e-04
1.168810000000000127e-01 5.644482669999997468e-04 3.897906060000000113e-04
1.177070000000000061e-01 1.584994369999999494e-04 3.714304880000000148e-04
1.185330000000000134e-01 1.131433429999999631e-03 3.985395989999999922e-04
1.193590000000000068e-01 6.269680739999998042e-04 3.799979599999999866e-04
1.201850000000000002e-01 2.752154729999999397e-04 3.663991379999999905e-04
1.210109999999999797e-01 5.548057549999997054e-04 3.772332220000000191e-04
1.218369999999999870e-01 2.856105919999999635e-04 4.003654699999999850e-04
1.226630000000000081e-01 6.630070240000000836e-04 3.641277580000000123e-04
1.234890000000000154e-01 6.980320760000001444e-04 3.547035169999999894e-04
1.243150000000000088e-01 1.176952340000000149e-03 4.038772460000000157e-04
1.251410000000000022e-01 4.749058840000001751e-04 3.843779960000000143e-04
1.259669999999999956e-01 9.784538150000004347e-04 3.587224379999999968e-04
1.267929999999999890e-01 5.013488650000002688e-05 3.837541850000000050e-04
1.276190000000000102e-01 5.476341379999999587e-04 3.544693449999999739e-04
1.284450000000000036e-01 8.333186890000001670e-04 3.605896940000000183e-04
1.292709999999999970e-01 6.537726169999999752e-04 3.694544780000000046e-04
1.300969999999999904e-01 2.741249049999999006e-04 3.615195330000000175e-04
1.309229999999999838e-01 2.684834849999999840e-04 3.637349620000000024e-04
1.317489999999999772e-01 7.090892599999999235e-04 3.581422260000000058e-04
1.325749999999999984e-01 6.348767540000001697e-04 3.344591470000000131e-04
1.334009999999999918e-01 5.524450270000002584e-04 3.577552269999999799e-04
1.342270000000000130e-01 1.033660880000000001e-03 3.466345310000000079e-04
1.350530000000000064e-01 2.430238299999999164e-04 3.310463649999999930e-04
1.358789999999999998e-01 5.730021299999998874e-04 3.581808799999999966e-04
1.367049999999999932e-01 4.358622030000000244e-04 3.339838799999999977e-04
1.375309999999999866e-01 1.592028909999999885e-04 3.320182700000000103e-04
1.383569999999999800e-01 7.311532779999998762e-04 3.342912300000000178e-04
1.391830000000000012e-01 7.432110409999997513e-04 3.360305379999999845e-04
1.400089999999999946e-01 7.009676430000001809e-04 3.203626830000000153e-04
1.416610000000000091e-01 5.821368549999997527e-04 3.508383420000000066e-04
1.424870000000000025e-01 1.452930380000000442e-04 3.350029529999999753e-04
1.433129999999999959e-01 1.985514639999999792e-04 3.333561059999999945e-04
1.441389999999999894e-01 3.258391649999999051e-04 3.209535879999999967e-04
1.449649999999999828e-01 9.592279470000001154e-04 3.341393490000000221e-04
1.457910000000000039e-01 3.280621080000001148e-04 3.225391450000000132e-04
1.466169999999999973e-01 5.292999530000000600e-06 3.277564529999999897e-04
1.474429999999999907e-01 8.494454589999995715e-04 3.335185979999999830e-04
1.482690000000000119e-01 4.281293500000000313e-04 3.296946419999999874e-04
1.499210000000000265e-01 4.988542680000000859e-04 3.164950860000000066e-04
1.507469999999999921e-01 5.009132899999999998e-04 3.140144099999999804e-04
1.523990000000000344e-01 6.680626350000003644e-04 3.362295410000000159e-04
1.532249999999999723e-01 2.918827080000000796e-04 3.066634430000000065e-04
1.540509999999999935e-01 7.830765499999998167e-04 3.146242170000000020e-04
1.548769999999999869e-01 7.674062080000002440e-04 3.192355140000000219e-04
1.557029999999999803e-01 6.887814760000003384e-04 3.050922480000000108e-04
1.565290000000000015e-01 2.968510080000000165e-04 3.164673430000000025e-04
1.573549999999999949e-01 1.641840520000000214e-05 2.989358390000000187e-04
1.581809999999999883e-01 5.283936029999998073e-04 3.222948559999999824e-04
1.590070000000000094e-01 4.897097019999999698e-04 2.994113120000000241e-04
1.598330000000000028e-01 3.536905900000001193e-04 3.145168340000000103e-04
1.606589999999999963e-01 9.168443910000001105e-05 3.059589929999999899e-04
1.614850000000000174e-01 1.391071370000000436e-04 3.143046100000000068e-04
1.623110000000000386e-01 4.611400900000001482e-04 3.032571309999999918e-04
1.631369999999999765e-01 3.651375130000000346e-04 2.897454950000000261e-04
1.639629999999999976e-01 7.672096789999998138e-04 3.052030770000000023e-04
1.647889999999999633e-01 2.180774890000000850e-04 3.093583970000000146e-04
1.656150000000000122e-01 6.485053529999998487e-04 3.061789200000000050e-04
1.672669999999999990e-01 3.726204690000001251e-04 2.867168619999999816e-04
1.680930000000000202e-01 3.865060209999999184e-04 3.119186429999999829e-04
1.689190000000000136e-01 8.643254049999997803e-04 2.807536480000000266e-04
1.697450000000000347e-01 4.861275150000001540e-04 2.973588589999999910e-04
1.713969999999999938e-01 9.852521129999995404e-05 2.977261090000000001e-04
1.722230000000000150e-01 4.431514369999998526e-04 2.939794420000000079e-04
1.730490000000000084e-01 4.745861810000002383e-04 2.829467099999999932e-04
1.738749999999999740e-01 3.704091569999998440e-04 2.764425219999999813e-04
1.747009999999999952e-01 4.521693870000001209e-04 2.980622539999999948e-04
1.755269999999999886e-01 7.736188109999998005e-04 2.773796849999999887e-04
