3.311000000000000575e-03 8.610332780000000241e+00 6.969674129999999801e-01
3.481000000000000587e-03 8.717273870000001423e+00 6.276425679999999563e-01
3.650999999999999732e-03 7.955113220000000318e+00 5.882865080000000413e-01
3.820000000000001346e-03 8.014936179999999410e+00 5.280287049999999871e-01
3.990000000000001358e-03 7.933303109999999769e+00 5.164034229999999726e-01
4.160000000000000503e-03 6.891310570000000801e+00 4.515572090000000149e-01
4.330000000000001383e-03 6.640693829999999132e+00 4.492899240000000072e-01
4.498999999999999527e-03 6.683406159999998764e+00 4.274592099999999784e-01
4.668999999999997805e-03 5.457371959999999689e+00 3.887400999999999773e-01
4.839000000000002154e-03 5.596329479999999634e+00 3.888290469999999832e-01
5.009000000000003033e-03 4.899030540000000045e+00 3.358300909999999972e-01
5.178999999999999576e-03 4.899324759999999834e+00 3.358144089999999804e-01
5.347999999999998588e-03 4.378947329999999916e+00 3.021265739999999811e-01
5.518000000000000335e-03 4.880294150000000108e+00 3.158359909999999826e-01
5.688000000000000347e-03 4.594233400000001133e+00 3.046597899999999859e-01
5.858000000000001227e-03 4.127086880000000235e+00 2.919119070000000260e-01
6.027999999999998637e-03 4.332277920000000115e+00 2.824240279999999936e-01
6.197000000000001119e-03 3.832261990000000118e+00 2.557460340000000110e-01
6.367000000000001998e-03 3.379276200000000063e+00 2.467705370000000120e-01
6.536999999999999408e-03 3.433049709999999699e+00 2.390550479999999922e-01
6.622000000000002017e-03 3.319747809999999522e+00 9.034216759999999513e-02
6.961000000000001041e-03 3.099205940000000048e+00 8.692383230000000349e-02
7.301000000000002800e-03 2.828290079999999929e+00 7.982944100000000098e-02
7.641000000000000222e-03 2.666151469999999968e+00 7.519082579999999960e-02
7.979999999999995777e-03 2.408620200000000100e+00 7.157214779999999943e-02
8.320000000000001006e-03 2.364759579999999861e+00 6.955980639999999326e-02
8.659000000000000030e-03 2.130798019999999848e+00 6.231190989999999680e-02
8.999000000000003524e-03 1.985172299999999890e+00 6.018145369999999827e-02
9.339000000000000079e-03 1.837044020000000000e+00 5.681831219999999849e-02
9.677999999999995634e-03 1.773044650000000111e+00 5.429575600000000057e-02
1.001800000000000260e-02 1.695743439999999991e+00 5.158223590000000219e-02
1.035700000000000162e-02 1.600824980000000064e+00 4.946914370000000255e-02
1.069699999999999818e-02 1.444166040000000040e+00 4.610695439999999701e-02
1.103600000000000241e-02 1.329397289999999954e+00 4.347825369999999690e-02
1.137600000000000243e-02 1.294979730000000107e+00 4.304524910000000204e-02
1.171599999999999898e-02 1.160080360000000033e+00 3.944300139999999677e-02
1.205500000000000148e-02 1.082958939999999926e+00 3.766979069999999707e-02
1.239499999999999803e-02 1.032079149999999945e+00 3.640711209999999975e-02
1.273399999999999879e-02 9.409206989999999715e-01 3.395831710000000309e-02
1.307400000000000055e-02 9.022227160000000357e-01 3.254155520000000246e-02
1.341399999999999884e-02 8.836435030000000523e-01 3.198363020000000168e-02
1.375299999999999613e-02 7.906983010000000478e-01 3.004276570000000146e-02
1.409299999999999962e-02 7.752529750000000108e-01 2.966123390000000026e-02
1.443199999999999691e-02 6.907773189999999452e-01 2.713344830000000152e-02
1.477199999999999694e-02 7.276285959999999609e-01 2.763304960000000088e-02
1.511100000000000290e-02 6.219571990000000161e-01 2.563574739999999880e-02
1.545099999999999772e-02 5.516443389999999836e-01 2.366744549999999850e-02
1.579099999999999948e-02 5.567791469999999743e-01 2.336608830000000067e-02
1.613000000000000198e-02 5.048418190000000250e-01 2.215561019999999839e-02
1.646999999999999853e-02 4.700169719999999773e-01 2.107311850000000153e-02
1.680900000000000102e-02 4.946152309999999330e-01 2.169435969999999880e-02
1.714900000000000105e-02 3.802094050000000003e-01 1.870601410000000131e-02
1.748800000000000354e-02 4.181242119999999951e-01 1.937366130000000089e-02
1.782800000000000357e-02 4.092450209999999866e-01 1.917840670000000095e-02
1.816800000000000359e-02 3.617485990000000040e-01 1.754520849999999937e-02
1.850700000000000262e-02 3.234765840000000114e-01 1.656663140000000020e-02
1.884699999999999570e-02 3.183358009999999738e-01 1.621223650000000113e-02
1.918599999999999819e-02 3.166063880000000164e-01 1.621977750000000093e-02
1.952599999999999822e-02 2.880781769999999908e-01 1.515745549999999997e-02
1.986600000000000518e-02 3.035271250000000087e-01 1.555210760000000011e-02
2.020500000000000421e-02 2.466092540000000000e-01 1.387988790000000035e-02
2.054500000000000076e-02 2.294250260000000319e-01 1.352751389999999956e-02
2.088400000000000326e-02 2.311456739999999677e-01 1.318295279999999979e-02
2.122400000000000328e-02 2.053385919999999865e-01 1.226105279999999999e-02
2.156300000000000230e-02 2.035904920000000118e-01 1.211483359999999954e-02
2.190299999999999539e-02 2.001639120000000271e-01 1.195924530000000083e-02
2.224299999999999888e-02 1.953728350000000225e-01 1.194267859999999931e-02
2.258199999999999791e-02 1.809895360000000064e-01 1.133619349999999935e-02
2.292200000000000487e-02 1.697318780000000027e-01 1.090478249999999975e-02
2.326099999999999696e-02 1.620557920000000318e-01 1.037883759999999947e-02
2.360099999999999698e-02 1.674933480000000141e-01 1.082293120000000011e-02
2.394100000000000394e-02 1.492898330000000384e-01 1.001475920000000075e-02
2.436699999999999630e-02 1.433579290000000228e-01 4.199944270000000382e-03
2.519300000000000012e-02 1.313215219999999961e-01 4.032303240000000011e-03
2.601900000000000740e-02 1.132407329999999823e-01 3.642145170000000032e-03
2.684500000000000081e-02 1.045715799999999973e-01 3.461760199999999992e-03
2.767099999999999421e-02 8.969257070000000165e-02 3.180147280000000104e-03
2.849700000000000150e-02 8.352953280000001424e-02 2.990496300000000142e-03
2.932299999999999143e-02 6.943452360000000601e-02 2.766039080000000198e-03
3.014899999999999178e-02 6.814502299999998514e-02 2.630555169999999887e-03
3.097499999999999559e-02 5.979670129999999778e-02 2.475920070000000098e-03
3.180100000000000982e-02 5.397550399999999360e-02 2.307494169999999966e-03
3.262700000000000322e-02 4.869218830000000137e-02 2.163922219999999969e-03
3.345299999999998969e-02 4.268712949999999007e-02 2.045107669999999926e-03
3.427899999999999697e-02 3.833582819999999808e-02 1.914890430000000055e-03
3.510500000000000426e-02 3.679654630000000343e-02 1.824117330000000082e-03
3.593100000000000460e-02 3.136070710000000289e-02 1.737517829999999991e-03
3.675799999999999901e-02 2.804210500000000120e-02 1.592718859999999945e-03
3.758399999999999935e-02 2.436468619999999571e-02 1.505666529999999956e-03
3.840999999999999970e-02 2.383927279999999843e-02 1.449123500000000031e-03
3.923600000000000004e-02 2.221417199999999731e-02 1.397233010000000072e-03
4.006200000000000039e-02 2.167983360000000012e-02 1.361905199999999911e-03
4.088799999999999379e-02 1.792952879999999694e-02 1.264198910000000065e-03
4.171400000000000108e-02 1.591297170000000386e-02 1.190336329999999937e-03
4.254000000000000142e-02 1.405865170000000081e-02 1.154529050000000076e-03
4.336599999999999483e-02 1.257348329999999868e-02 1.075779870000000008e-03
4.419200000000000905e-02 1.166997879999999779e-02 1.005507189999999993e-03
4.501800000000000246e-02 8.871546329999998801e-03 9.279230039999999697e-04
4.584399999999999586e-02 1.028934319999999861e-02 9.342443239999999880e-04
4.666999999999999621e-02 9.651422010000000606e-03 8.995016719999999501e-04
4.749599999999998962e-02 7.243561940000001372e-03 8.289421150000000210e-04
4.832199999999999690e-02 5.513785859999999379e-03 7.796295620000000303e-04
4.914800000000000418e-02 7.459135339999999059e-03 8.670921899999999710e-04
4.997400000000000453e-02 7.065402620000002867e-03 8.061114510000000214e-04
5.080000000000000487e-02 6.751458749999997982e-03 7.825227419999999760e-04
5.162599999999998440e-02 4.419276469999998749e-03 7.261333279999999989e-04
5.245200000000000556e-02 5.184644350000000741e-03 6.805985349999999542e-04
5.327799999999999897e-02 5.014214530000000829e-03 6.993941609999999994e-04
5.410399999999998544e-02 4.260455430000000682e-03 6.657115770000000083e-04
5.492999999999999966e-02 5.024031760000002150e-03 6.908790890000000070e-04
5.575599999999999307e-02 4.174320729999999278e-03 6.730160379999999788e-04
5.658199999999999341e-02 4.628727829999999301e-03 6.513708149999999615e-04
5.740800000000000070e-02 5.059912609999999908e-03 6.397331210000000270e-04
5.823400000000000798e-02 2.868922830000000899e-03 5.979587040000000023e-04
5.906000000000000139e-02 3.210290919999998684e-03 5.824515850000000451e-04
5.988600000000000173e-02 2.938595240000000351e-03 5.609325010000000469e-04
6.071200000000001595e-02 2.924421320000000421e-03 5.728747880000000132e-04
6.153800000000000242e-02 2.049427309999999128e-03 5.391800279999999944e-04
6.236400000000000277e-02 3.153739880000000408e-03 5.847019680000000059e-04
6.318999999999999617e-02 2.550619519999999286e-03 5.465466539999999564e-04
6.401600000000000346e-02 2.442529780000000494e-03 5.427640090000000143e-04
6.484199999999998298e-02 2.042709689999999169e-03 5.343794919999999594e-04
6.566799999999999027e-02 2.800293150000001275e-03 5.062201990000000061e-04
6.649399999999998367e-02 2.229672930000000438e-03 5.248816419999999738e-04
6.732000000000000484e-02 1.927602429999999848e-03 4.837545409999999832e-04
6.814599999999998436e-02 2.195629389999999466e-03 4.938772529999999527e-04
6.897200000000001940e-02 2.474837249999999565e-03 4.683510860000000245e-04
6.979800000000001281e-02 1.764442390000000140e-03 5.003431699999999612e-04
7.062400000000002009e-02 2.224559109999999645e-03 5.043278730000000333e-04
7.144999999999998574e-02 7.153274139999998404e-04 4.874010259999999955e-04
7.227600000000002078e-02 2.447591770000000222e-03 4.943912389999999702e-04
7.310200000000001419e-02 1.511308370000000742e-03 4.904105659999999497e-04
7.392799999999997984e-02 2.637840199999999437e-03 5.145777999999999507e-04
7.475400000000000100e-02 1.857706190000000092e-03 4.596946130000000106e-04
7.557999999999998053e-02 1.733730710000000799e-03 4.629768490000000028e-04
7.640599999999998782e-02 1.920448999999999854e-03 4.714158239999999994e-04
7.723199999999998122e-02 1.147607459999999821e-03 4.376415670000000178e-04
7.805800000000001626e-02 1.772678040000000895e-03 4.427818370000000179e-04
7.888399999999999579e-02 1.608905449999999604e-03 4.495152169999999951e-04
7.971000000000001695e-02 1.150693349999999844e-03 4.238629379999999942e-04
8.053599999999998260e-02 1.940630890000000826e-03 4.473722679999999848e-04
8.136200000000001764e-02 1.652269089999999253e-03 4.495731629999999857e-04
8.218799999999998329e-02 1.554921150000000175e-03 4.267880780000000073e-04
8.301399999999999058e-02 1.381402840000000437e-03 4.569663520000000049e-04
8.384000000000001174e-02 1.257573650000000333e-03 4.278065009999999801e-04
8.466599999999999127e-02 1.498516579999999718e-03 4.141751140000000031e-04
8.549199999999999855e-02 1.686735819999999513e-03 4.476947820000000194e-04
8.631800000000001971e-02 1.731660859999999700e-03 4.312000550000000157e-04
8.714399999999999924e-02 1.783630339999999967e-03 4.291483219999999788e-04
8.797000000000002040e-02 1.382656560000000701e-03 4.476251840000000214e-04
8.879599999999999993e-02 1.067428429999999840e-03 4.376218109999999747e-04
8.962200000000000721e-02 1.710163460000000551e-03 4.463769050000000261e-04
9.044799999999998674e-02 1.874672040000000786e-04 4.079388610000000254e-04
9.127399999999999403e-02 9.495211869999999488e-04 4.357338199999999731e-04
9.292599999999999472e-02 7.547361459999998422e-04 4.166865989999999796e-04
9.375199999999998812e-02 9.282487089999997762e-04 4.199700580000000180e-04
9.457800000000000928e-02 9.285271030000003022e-04 4.087167629999999816e-04
9.540399999999998881e-02 7.444896589999996234e-04 4.252335599999999978e-04
9.622999999999999610e-02 6.763775219999998986e-04 4.106820169999999821e-04
9.705600000000001726e-02 6.820536029999997151e-04 4.126467419999999822e-04
9.788200000000001066e-02 3.105094080000000414e-04 3.989179060000000009e-04
9.870800000000003183e-02 4.462602200000000694e-04 3.934330240000000114e-04
9.953399999999999748e-02 9.544856750000000473e-04 3.944977199999999970e-04
1.003600000000000186e-01 1.402819269999999816e-03 3.970535850000000153e-04
1.011859999999999982e-01 9.976022510000005089e-04 4.422304180000000097e-04
1.028379999999999989e-01 7.659119379999999172e-04 3.817033189999999732e-04
1.036640000000000200e-01 1.045891589999999776e-03 4.012058789999999758e-04
1.044900000000000134e-01 3.216549770000001014e-04 3.971725220000000265e-04
1.053160000000000068e-01 7.177637400000002471e-04 4.167699119999999815e-04
1.061420000000000002e-01 8.236825720000000512e-04 3.992698169999999900e-04
1.069679999999999936e-01 5.490228329999998456e-04 3.754324010000000033e-04
1.077940000000000148e-01 5.890731819999999938e-04 3.923888460000000055e-04
1.086199999999999943e-01 8.430089860000001970e-04 3.934903639999999840e-04
1.094469999999999887e-01 8.971536840000003373e-04 4.208574979999999744e-04
1.102729999999999821e-01 1.142106510000000068e-03 3.915195100000000254e-04
1.110990000000000033e-01 7.272657449999996764e-04 3.794034600000000044e-04
1.119249999999999828e-01 2.752497999999998731e-04 3.760529339999999919e-04
1.135770000000000113e-01 9.630807810000001877e-04 3.925818089999999938e-04
1.152289999999999842e-01 3.497643520000000240e-04 3.758282780000000078e-04
1.168810000000000127e-01 9.566855790000004843e-04 3.555807110000000124e-04
1.177070000000000061e-01 1.547683810000000831e-04 3.526134840000000109e-04
1.185330000000000134e-01 3.228464670000001451e-04 3.590078839999999915e-04
1.193590000000000068e-01 9.712350850000001827e-04 3.755345769999999844e-04
1.201850000000000002e-01 1.712315229999999576e-04 3.062251100000000243e-04
1.210109999999999797e-01 6.854612010000001206e-04 3.375964460000000183e-04
1.218369999999999870e-01 6.210337740000002700e-04 3.448277090000000100e-04
1.226630000000000081e-01 8.541099849999996734e-04 3.539010230000000151e-04
1.234890000000000154e-01 9.390509690000002239e-04 3.517078379999999979e-04
1.243150000000000088e-01 1.134008589999999745e-03 3.370145859999999988e-04
1.251410000000000022e-01 1.419288969999999263e-03 3.452704720000000175e-04
1.259669999999999956e-01 8.953843739999996351e-04 3.535725160000000207e-04
1.267929999999999890e-01 4.776312660000000838e-04 3.267698330000000069e-04
1.284450000000000036e-01 6.106462439999999544e-04 3.330081629999999794e-04
1.292709999999999970e-01 1.103637429999999777e-03 3.499954390000000067e-04
1.300969999999999904e-01 3.445302830000000717e-04 3.292893260000000232e-04
1.309229999999999838e-01 2.451989250000000098e-04 3.440338859999999741e-04
1.317489999999999772e-01 6.329253430000002581e-04 3.290154260000000257e-04
1.325749999999999984e-01 9.020383589999997299e-04 3.442197329999999904e-04
1.334009999999999918e-01 6.915622940000002924e-04 3.126024820000000118e-04
1.350530000000000064e-01 5.613334430000001957e-04 3.109806349999999909e-04
1.358789999999999998e-01 2.079393530000000286e-04 3.053494769999999981e-04
1.367049999999999932e-01 7.903150210000002259e-04 3.416465649999999936e-04
1.375309999999999866e-01 2.368486980000001176e-04 3.241894529999999881e-04
1.391830000000000012e-01 5.874467589999999347e-04 3.176995489999999834e-04
1.400089999999999946e-01 5.823741899999999774e-04 3.079996099999999918e-04
1.408350000000000157e-01 8.569914160000003788e-04 3.017414210000000084e-04
1.416610000000000091e-01 3.674169030000000989e-04 3.091347870000000250e-04
1.424870000000000025e-01 1.312522189999999615e-04 3.096456030000000240e-04
1.433129999999999959e-01 5.323686640000002565e-05 3.040176640000000164e-04
1.441389999999999894e-01 3.629071530000001883e-04 3.059331609999999934e-04
1.449649999999999828e-01 1.357709530000000234e-04 3.083209740000000137e-04
1.457910000000000039e-01 1.591260210000000456e-04 2.982345730000000189e-04
1.466169999999999973e-01 9.498457470000002919e-05 3.003606139999999902e-04
1.474429999999999907e-01 5.510747870000002463e-04 2.999206969999999948e-04
1.482690000000000119e-01 1.155627549999999537e-04 2.958597719999999927e-04
1.490950000000000053e-01 4.243190900000000073e-05 2.998698249999999814e-04
1.499210000000000265e-01 1.123309750000000109e-04 3.099129390000000123e-04
